coefficient1=0.4707351696479778;
coefficient2=0.46059844091596636;
coefficient3=0.5204210145054675;
coefficient4=0.9554055672120016;
coefficient5=1.0198559302323011;
coefficient6=4.9205026479700535;
coefficient7=6.626930695506385;
coefficient8=0.5134931812553897;
coefficient9=0.8124568554676302;
coefficient10=0.40207591588483205;
