coefficient1=0.7170426584283756;
coefficient2=0.11373936706357712;
coefficient3=0.07963491032343617;
coefficient4=1.657843621053151;
coefficient5=1.06339748841553;
coefficient6=5.539015794038607;
coefficient7=4.768477567823424;
coefficient8=0.8301785551071318;
coefficient9=0.06688426245188095;
coefficient10=0.3869979490498795;
