coefficient1=0.7593000339797409;
coefficient2=0.18386936152030364;
coefficient3=0.9144655341729218;
coefficient4=0.6728649884599558;
coefficient5=0.6272768769164441;
coefficient6=1.8465379896070377;
coefficient7=5.330902040110313;
coefficient8=0.875258492098737;
coefficient9=0.9922458422973189;
coefficient10=0.1667452693891095;
