coefficient1=0.5745548113196017;
coefficient2=0.6607289379875879;
coefficient3=0.8128559061109291;
coefficient4=0.05218878797984994;
coefficient5=0.9152261390186056;
coefficient6=5.484834930304171;
coefficient7=3.7659334623253304;
coefficient8=0.2645610476740273;
coefficient9=0.9948716405893094;
coefficient10=0.11899099716914374;
