coefficient1=0.6751680558913321;
coefficient2=0.38937372792006786;
coefficient3=0.34007161277076947;
coefficient4=1.487249254226898;
coefficient5=1.3106004689014474;
coefficient6=3.0734699803916987;
coefficient7=6.786782377362873;
coefficient8=0.45739062919295437;
coefficient9=0.9359273772833023;
coefficient10=0.2881839408850452;
