coefficient1=0.6561580212063772;
coefficient2=0.5909007813095606;
coefficient3=0.16883245144750503;
coefficient4=0.03821499463708333;
coefficient5=1.0021589903050188;
coefficient6=0.21549581476257718;
coefficient7=1.476863033615266;
coefficient8=0.7286692104159465;
coefficient9=0.25269205760320534;
coefficient10=0.44111435197545545;
