coefficient1=0.4618950204484862;
coefficient2=0.6920664985123687;
coefficient3=0.11718637712684143;
coefficient4=0.04986678041788961;
coefficient5=0.12308580407739456;
coefficient6=7.077650321752991;
coefficient7=1.1973835754436042;
coefficient8=0.7228987513429086;
coefficient9=0.1585720834791423;
coefficient10=0.0007876219093181369;
