coefficient1=0.6897571748756812;
coefficient2=0.6923473263602988;
coefficient3=0.7911621331549149;
coefficient4=0.4431898134825425;
coefficient5=0.8156553324395444;
coefficient6=6.2552540403718915;
coefficient7=1.4799378077506562;
coefficient8=0.7212420886966184;
coefficient9=0.8922361512176239;
coefficient10=0.9220056875465846;
