coefficient1=0.9421699682946651;
coefficient2=0.6078943119972768;
coefficient3=0.782904214602191;
coefficient4=0.618810627398533;
coefficient5=1.3885381721132581;
coefficient6=7.373831922506084;
coefficient7=3.9552262694421456;
coefficient8=0.06202546592406477;
coefficient9=0.8573980125964381;
coefficient10=0.7596858926162477;
