coefficient1=0.579628160257416;
coefficient2=0.410126685788775;
coefficient3=0.7297981105506892;
coefficient4=0.4827020481918478;
coefficient5=0.9289219074595816;
coefficient6=6.290188010119281;
coefficient7=6.294648531260282;
coefficient8=0.4974280182068077;
coefficient9=0.4540596134234893;
coefficient10=0.38561610032357796;
