coefficient1=0.2960380771570642;
coefficient2=0.2003344280979752;
coefficient3=0.2650795696028905;
coefficient4=0.9872002380725162;
coefficient5=1.7752366297334192;
coefficient6=2.1079235627106394;
coefficient7=4.178613938410027;
coefficient8=0.3704931350846328;
coefficient9=0.01123805656355814;
coefficient10=0.7530779347647327;
