coefficient1=0.1833488959877152;
coefficient2=0.22227235496951492;
coefficient3=0.9834954963094226;
coefficient4=0.10118728157825485;
coefficient5=0.3591771746794701;
coefficient6=5.568736940186988;
coefficient7=6.353467898609371;
coefficient8=0.6544518400298419;
coefficient9=0.04709425945903856;
coefficient10=0.2818304591042293;
