coefficient1=0.656247741350859;
coefficient2=0.26056378324696894;
coefficient3=0.5972721980262423;
coefficient4=0.12662617408267485;
coefficient5=0.7724748276160662;
coefficient6=7.525277735294459;
coefficient7=6.33734474472207;
coefficient8=0.7428155942332438;
coefficient9=0.4314414031151711;
coefficient10=0.026107765235238944;
