coefficient1=0.9904247111525556;
coefficient2=0.07330804863522256;
coefficient3=0.8097723631523762;
coefficient4=1.2020121765904064;
coefficient5=0.763658417878428;
coefficient6=5.144663745774086;
coefficient7=0.8708447490468156;
coefficient8=0.4151556876813426;
coefficient9=0.8490993079494407;
coefficient10=0.6364378168981182;
