coefficient1=0.07927978999873564;
coefficient2=0.3393884666903033;
coefficient3=0.2563934925048059;
coefficient4=1.9166717007560865;
coefficient5=1.5698198691190814;
coefficient6=4.080656008213287;
coefficient7=2.7407003269625836;
coefficient8=0.5644586327115181;
coefficient9=0.7414912810229873;
coefficient10=0.9785486018711672;
