coefficient1=0.09556085921455215;
coefficient2=0.5660334834873321;
coefficient3=0.8891150670657691;
coefficient4=1.1420583385743306;
coefficient5=0.2670939334441369;
coefficient6=7.7056196472798995;
coefficient7=7.970399931939103;
coefficient8=0.6442902902032456;
coefficient9=0.20568509054772588;
coefficient10=0.909726522640407;
