coefficient1=0.19479125400214592;
coefficient2=0.7846536961882992;
coefficient3=0.8862328295963321;
coefficient4=1.3316079332674573;
coefficient5=1.4275699959304964;
coefficient6=2.4753907823873327;
coefficient7=4.716765744423243;
coefficient8=0.5369740707116096;
coefficient9=0.5276260183740288;
coefficient10=0.01859135722905969;
