coefficient1=0.8267512918761635;
coefficient2=0.9753855756731082;
coefficient3=0.22407403478406562;
coefficient4=0.5964128417243744;
coefficient5=0.012490881669914078;
coefficient6=7.367957420642359;
coefficient7=6.58218251625091;
coefficient8=0.9022465091602964;
coefficient9=0.11509171876395397;
coefficient10=0.822290669002702;
