coefficient1=0.5345895497146299;
coefficient2=0.10296144153032316;
coefficient3=0.6566142771887751;
coefficient4=0.61244972832401;
coefficient5=0.13032520226273725;
coefficient6=6.962242087832514;
coefficient7=4.655706019823589;
coefficient8=0.24635076913734077;
coefficient9=0.6527596587148657;
coefficient10=0.2548617501979935;
