coefficient1=0.475793587637955;
coefficient2=0.14796503429318253;
coefficient3=0.8072773936110972;
coefficient4=1.35622549335121;
coefficient5=1.4823790881658176;
coefficient6=1.0642551606619675;
coefficient7=7.953199886735307;
coefficient8=0.8361251064073237;
coefficient9=0.14312998839246072;
coefficient10=0.8545200877207463;
