coefficient1=0.7752644284021857;
coefficient2=0.4320388753419474;
coefficient3=0.3807159955596612;
coefficient4=0.5091675100079696;
coefficient5=1.9830844348286345;
coefficient6=3.890662689621273;
coefficient7=1.0676054164891378;
coefficient8=0.8607168549982762;
coefficient9=0.6831286566349397;
coefficient10=0.7601879538800278;
