coefficient1=0.44999186790844514;
coefficient2=0.12717243727609817;
coefficient3=0.67272301954365;
coefficient4=1.0548841907417552;
coefficient5=1.9815757655934436;
coefficient6=2.153219514558523;
coefficient7=4.454749241290942;
coefficient8=0.543653042264434;
coefficient9=0.40883850490737017;
coefficient10=0.41171569180069323;
