coefficient1=0.8358116435666185;
coefficient2=0.24117105006034978;
coefficient3=0.8635707532158948;
coefficient4=0.8317040529918771;
coefficient5=1.3787166770735044;
coefficient6=7.962190122846507;
coefficient7=1.6950645454685596;
coefficient8=0.32267577058899866;
coefficient9=0.47836137370695786;
coefficient10=0.8472754981234636;
