coefficient1=0.8577857858230518;
coefficient2=0.5536151270931542;
coefficient3=0.6143407854499463;
coefficient4=1.3899077486229443;
coefficient5=0.31176600483910333;
coefficient6=0.5668223384536191;
coefficient7=1.9076508394837521;
coefficient8=0.8817130425226773;
coefficient9=0.9970696471055636;
coefficient10=0.9109871314890918;
