coefficient1=0.36538326073083105;
coefficient2=0.5820587898226262;
coefficient3=0.8167161270344185;
coefficient4=0.5345027635709383;
coefficient5=0.6514488431822412;
coefficient6=1.493678003265865;
coefficient7=3.4537601723552074;
coefficient8=0.7638847934148889;
coefficient9=0.18388168128987403;
coefficient10=0.9404818659727623;
