coefficient1=0.782769031350897;
coefficient2=0.005589081605304025;
coefficient3=0.06169667747427643;
coefficient4=1.9107894657712023;
coefficient5=1.892860735324666;
coefficient6=2.4976157544839284;
coefficient7=1.1829953916218576;
coefficient8=0.583764436705442;
coefficient9=0.6937524374641459;
coefficient10=0.023728436387302265;
