coefficient1=0.1003181444841642;
coefficient2=0.4986034676462452;
coefficient3=0.5063724470286035;
coefficient4=0.04773470814511249;
coefficient5=1.7659508870357712;
coefficient6=5.213273706829015;
coefficient7=6.121723682272793;
coefficient8=0.3658288664733774;
coefficient9=0.9536353739393301;
coefficient10=0.4389161635597555;
