coefficient1=0.4727756958959005;
coefficient2=0.5051686373679607;
coefficient3=0.5211869063290595;
coefficient4=0.547408169263935;
coefficient5=0.0973099042208645;
coefficient6=4.737214991646787;
coefficient7=0.14895975244439885;
coefficient8=0.927960840690514;
coefficient9=0.22546793744791593;
coefficient10=0.7091617017411795;
