coefficient1=0.19851448182619258;
coefficient2=0.29923009415227486;
coefficient3=0.6174305580904793;
coefficient4=0.7882228595887553;
coefficient5=0.13460577577385058;
coefficient6=6.051760269949258;
coefficient7=3.0148712979633023;
coefficient8=0.26494503972262784;
coefficient9=0.5444186032307384;
coefficient10=0.7281667665889079;
