coefficient1=0.3832632026456575;
coefficient2=0.7510405048241893;
coefficient3=0.6114160163995159;
coefficient4=0.29512175102793314;
coefficient5=0.5807500440975606;
coefficient6=7.813702947087215;
coefficient7=7.171005470059586;
coefficient8=0.7187648387764803;
coefficient9=0.0003620659222952627;
coefficient10=0.7683745335728527;
