coefficient1=0.09757008951300528;
coefficient2=0.06250636873842019;
coefficient3=0.6845068137093947;
coefficient4=1.0927805697233395;
coefficient5=1.14936385934563;
coefficient6=2.9267075236688402;
coefficient7=7.396315821660673;
coefficient8=0.9157350912363101;
coefficient9=0.5257330998554529;
coefficient10=0.8918509127673228;
