coefficient1=0.5767736992031235;
coefficient2=0.23377896566685086;
coefficient3=0.4087369116862414;
coefficient4=1.1349519039147251;
coefficient5=0.8041124142412719;
coefficient6=2.6981518668026565;
coefficient7=0.5412533168644522;
coefficient8=0.18955768337260448;
coefficient9=0.16236772285224332;
coefficient10=0.8357377564470971;
