coefficient1=0.4878044333637723;
coefficient2=0.42098527707284983;
coefficient3=0.5611903726791887;
coefficient4=1.7780534098327696;
coefficient5=1.9000995346941945;
coefficient6=4.051075829577333;
coefficient7=3.38441255164959;
coefficient8=0.06363516957111726;
coefficient9=0.2888116647966251;
coefficient10=0.9460919954310233;
