coefficient1=0.7461791823242034;
coefficient2=0.991338218680755;
coefficient3=0.5544818009967748;
coefficient4=1.8196096601987204;
coefficient5=1.9062166456743324;
coefficient6=2.9969530920629994;
coefficient7=4.744774714976357;
coefficient8=0.4172793199205306;
coefficient9=0.0941739481965872;
coefficient10=0.3417389612378968;
