coefficient1=0.971808181645835;
coefficient2=0.8075747753993037;
coefficient3=0.9092796596146735;
coefficient4=0.5227195745332318;
coefficient5=0.827183737711729;
coefficient6=4.947170716587146;
coefficient7=3.597748964809062;
coefficient8=0.5639110793996706;
coefficient9=0.5595767233834799;
coefficient10=0.6176471880597392;
