coefficient1=0.8764463944608193;
coefficient2=0.8186245570781895;
coefficient3=0.6011050455326955;
coefficient4=1.3708301611436977;
coefficient5=0.9937312741627069;
coefficient6=2.018289547068137;
coefficient7=0.17193937232403744;
coefficient8=0.46639132631145985;
coefficient9=0.5922326156693424;
coefficient10=0.8578157853469373;
