coefficient1=0.21834512314961807;
coefficient2=0.22645650991072586;
coefficient3=0.5761198976218512;
coefficient4=0.15281529096275226;
coefficient5=1.5806811817373512;
coefficient6=4.166312063072092;
coefficient7=3.4040804386488475;
coefficient8=0.16667123824569174;
coefficient9=0.5940543562394427;
coefficient10=0.0285357948691789;
