coefficient1=0.496750941709697;
coefficient2=0.5057880851131035;
coefficient3=0.4023377186388354;
coefficient4=1.5756564294629283;
coefficient5=0.6238915972632753;
coefficient6=1.1447994768090624;
coefficient7=0.7126788985813972;
coefficient8=0.20629411001124143;
coefficient9=0.783533139046039;
coefficient10=0.1114770639745909;
