coefficient1=0.13114869787344918;
coefficient2=0.8775784509522508;
coefficient3=0.5534984556624442;
coefficient4=1.1588145365534728;
coefficient5=1.0618539807350067;
coefficient6=3.826602644155673;
coefficient7=3.6202313993824413;
coefficient8=0.699090421197459;
coefficient9=0.25599375466351293;
coefficient10=0.8847423916081839;
