coefficient1=0.017208102684825977;
coefficient2=0.003679877272450005;
coefficient3=0.9410607500150072;
coefficient4=0.43276643015391203;
coefficient5=0.0512729339098239;
coefficient6=1.4997092059063046;
coefficient7=5.416487888877294;
coefficient8=0.78180259258919;
coefficient9=0.2857452185443127;
coefficient10=0.2987430160105441;
