coefficient1=0.5407837459981242;
coefficient2=0.42318569973996745;
coefficient3=0.005418641409644098;
coefficient4=1.280886544360305;
coefficient5=0.45632872336262387;
coefficient6=7.59201916063606;
coefficient7=6.6630240650971935;
coefficient8=0.3746766714595978;
coefficient9=0.42810025101721383;
coefficient10=0.8991998471563016;
