coefficient1=0.669019480819152;
coefficient2=0.7106393383339437;
coefficient3=0.07611162129386662;
coefficient4=0.5595177436490149;
coefficient5=1.9912964397111572;
coefficient6=0.10172367507993485;
coefficient7=3.3955047372606453;
coefficient8=0.8682138611204525;
coefficient9=0.9112930135546929;
coefficient10=0.8143545365663475;
