coefficient1=0.4615941003653269;
coefficient2=0.6624148677126716;
coefficient3=0.5098689879752898;
coefficient4=1.0599744662665;
coefficient5=0.822238768304848;
coefficient6=3.485100525852708;
coefficient7=0.7725561216859846;
coefficient8=0.6490876737548927;
coefficient9=0.03476975956190387;
coefficient10=0.0580450731158898;
