coefficient1=0.7681760270764364;
coefficient2=0.9757980173065911;
coefficient3=0.9976882975964007;
coefficient4=0.5759749931148028;
coefficient5=0.968330463955162;
coefficient6=5.915781284625904;
coefficient7=3.5330652826721343;
coefficient8=0.41180875132293693;
coefficient9=0.979052115799243;
coefficient10=0.15691649578187084;
