coefficient1=0.540556278443589;
coefficient2=0.6638029710524406;
coefficient3=0.10398038023422607;
coefficient4=1.0036676206998063;
coefficient5=1.7118063356308884;
coefficient6=4.4656780356541645;
coefficient7=2.5634130100731563;
coefficient8=0.603646429083804;
coefficient9=0.13408544223077346;
coefficient10=0.41124723288920384;
