coefficient1=0.11859898973028915;
coefficient2=0.6304881423607926;
coefficient3=0.1614451164667987;
coefficient4=1.2468859462897695;
coefficient5=0.45413938144145805;
coefficient6=4.38319153624742;
coefficient7=4.710591684276654;
coefficient8=0.6443500271200286;
coefficient9=0.11632047907149423;
coefficient10=0.4563215379088956;
