coefficient1=0.7071245909258876;
coefficient2=0.5109120286081219;
coefficient3=0.6651861560934582;
coefficient4=1.354296461877222;
coefficient5=0.9142547462761763;
coefficient6=0.1638652864387966;
coefficient7=3.794119678935979;
coefficient8=0.0988422869297867;
coefficient9=0.9670615418478277;
coefficient10=0.24009214092495557;
