coefficient1=0.708513916409505;
coefficient2=0.7378032738163007;
coefficient3=0.6192309411491728;
coefficient4=1.892075416076349;
coefficient5=1.5813141619218913;
coefficient6=7.947926975393021;
coefficient7=1.1877256885223408;
coefficient8=0.5713465709679434;
coefficient9=0.6350850212618074;
coefficient10=0.3437514660494122;
