coefficient1=0.64670759159456;
coefficient2=0.4541221167363072;
coefficient3=0.5836933424051797;
coefficient4=0.8405234446268595;
coefficient5=0.6463065692797483;
coefficient6=6.571896971790886;
coefficient7=7.990866158607309;
coefficient8=0.516965191746745;
coefficient9=0.25106795367955426;
coefficient10=0.4931265307196845;
