coefficient1=0.08805662279639981;
coefficient2=0.6864732411335499;
coefficient3=0.6776550444149956;
coefficient4=1.7235442908263996;
coefficient5=0.3318976717665658;
coefficient6=3.2351206539739774;
coefficient7=7.073223644808619;
coefficient8=0.010557420018283525;
coefficient9=0.2693639284182954;
coefficient10=0.6250458720877765;
