coefficient1=0.5973533685061054;
coefficient2=0.12482982674798204;
coefficient3=0.30721518936450887;
coefficient4=0.598731089212412;
coefficient5=1.896795438701243;
coefficient6=6.16173214540018;
coefficient7=0.8670741907444324;
coefficient8=0.05432392206406733;
coefficient9=0.5535131485743855;
coefficient10=0.09438135020958571;
