coefficient1=0.8707527186251307;
coefficient2=0.37655428964510895;
coefficient3=0.1499041356509382;
coefficient4=0.032962699299832865;
coefficient5=1.5067128092583781;
coefficient6=0.8592009850729942;
coefficient7=5.979345028834502;
coefficient8=0.25829803240813864;
coefficient9=0.5605395802612122;
coefficient10=0.013841176202198602;
