coefficient1=0.7176485850398044;
coefficient2=0.5178121626707329;
coefficient3=0.31046670529489473;
coefficient4=1.3716923005569783;
coefficient5=0.7323130949294807;
coefficient6=2.1549556615113152;
coefficient7=0.8833556768393036;
coefficient8=0.2640033976696817;
coefficient9=0.938722691286356;
coefficient10=0.23836006235042673;
