coefficient1=0.7888606214570234;
coefficient2=0.20821051196553975;
coefficient3=0.16380383724827918;
coefficient4=1.5784543601257857;
coefficient5=1.9147070625415916;
coefficient6=7.343321629381481;
coefficient7=7.606523124290941;
coefficient8=0.2547335604795161;
coefficient9=0.17232183270763934;
coefficient10=0.15738009189465585;
