coefficient1=0.33898609469242846;
coefficient2=0.8513614500912496;
coefficient3=0.06731429531141964;
coefficient4=1.1219008557329604;
coefficient5=0.27886418289699355;
coefficient6=5.746984180865189;
coefficient7=3.976634867287925;
coefficient8=0.034439695830415396;
coefficient9=0.0733594046816759;
coefficient10=0.8044521033911647;
