coefficient1=0.5095113547119581;
coefficient2=0.9985188894297019;
coefficient3=0.7367893266028145;
coefficient4=1.3961951828476253;
coefficient5=1.1769067896896523;
coefficient6=1.3000010139110607;
coefficient7=3.5740933173895906;
coefficient8=0.9948469706196919;
coefficient9=0.17946985772773105;
coefficient10=0.8005843326661716;
