coefficient1=0.8362798529928189;
coefficient2=0.38711315501673105;
coefficient3=0.01072703972340161;
coefficient4=0.753191690095596;
coefficient5=0.6031518943941743;
coefficient6=3.9401929242753537;
coefficient7=5.0352332321193884;
coefficient8=0.647582272534897;
coefficient9=0.10521592290440285;
coefficient10=0.7965065606037925;
