coefficient1=0.12138525651479293;
coefficient2=0.943466770242816;
coefficient3=0.1625651045365646;
coefficient4=0.2938724825563199;
coefficient5=0.783879654155129;
coefficient6=0.972906271343243;
coefficient7=0.15774677710435725;
coefficient8=0.05164236220771623;
coefficient9=0.8082079233110984;
coefficient10=0.4837688927046343;
