coefficient1=0.9129880418384814;
coefficient2=0.9260758514683379;
coefficient3=0.7054655778980041;
coefficient4=0.7655508204953267;
coefficient5=0.256713630987899;
coefficient6=7.334846494327878;
coefficient7=5.612773390040444;
coefficient8=0.35128334532274297;
coefficient9=0.3243892033986596;
coefficient10=0.626935879798499;
