coefficient1=0.0489572143931003;
coefficient2=0.8433201807904598;
coefficient3=0.8569946645939127;
coefficient4=0.6079827989296183;
coefficient5=1.717258281988779;
coefficient6=2.06164144149784;
coefficient7=3.8674091431221447;
coefficient8=0.3753919525493874;
coefficient9=0.16799841452452713;
coefficient10=0.5571718667957875;
