coefficient1=0.9835664074119166;
coefficient2=0.748312960102719;
coefficient3=0.09119773465843328;
coefficient4=0.6410295377008923;
coefficient5=0.6031093517466861;
coefficient6=4.9971696162162065;
coefficient7=5.92869006168091;
coefficient8=0.8427348886738657;
coefficient9=0.8629606518550088;
coefficient10=0.6909916200551498;
