coefficient1=0.01383611490061265;
coefficient2=0.6137705824996809;
coefficient3=0.914679352362333;
coefficient4=1.7952538466364478;
coefficient5=0.9944179815282945;
coefficient6=7.245863334035633;
coefficient7=0.7279707734234018;
coefficient8=0.0027782858962442925;
coefficient9=0.26572135719861933;
coefficient10=0.1716495908967799;
