coefficient1=0.5688266516956636;
coefficient2=0.2080554440097956;
coefficient3=0.9169476812799413;
coefficient4=1.0646693245206378;
coefficient5=1.0089131780006226;
coefficient6=4.660229241890001;
coefficient7=3.4625794210146834;
coefficient8=0.9610512959734999;
coefficient9=0.5293944461328216;
coefficient10=0.7983448345371899;
