coefficient1=0.3515225552449194;
coefficient2=0.8110951198332693;
coefficient3=0.8561394644805518;
coefficient4=1.0671321674691936;
coefficient5=1.4556305035078108;
coefficient6=5.377651252498127;
coefficient7=7.088771886638505;
coefficient8=0.31787201312747726;
coefficient9=0.2391404468104621;
coefficient10=0.5913237648120274;
