coefficient1=0.3147003228466799;
coefficient2=0.37374845573611937;
coefficient3=0.6725100112229558;
coefficient4=1.4133918916397141;
coefficient5=1.6065898457692591;
coefficient6=3.8117440941525746;
coefficient7=3.8658550755948147;
coefficient8=0.014119893371759673;
coefficient9=0.9360999748992771;
coefficient10=0.15031391998191834;
