coefficient1=0.4921791228868325;
coefficient2=0.9109037505898463;
coefficient3=0.6440624723444905;
coefficient4=1.9472591702118438;
coefficient5=0.5278471978245538;
coefficient6=2.7700883370037888;
coefficient7=4.466144097170081;
coefficient8=0.8653594520006218;
coefficient9=0.9740565185674789;
coefficient10=0.8865687925630731;
