coefficient1=0.6203813933640755;
coefficient2=0.35697190206404505;
coefficient3=0.42394894863174404;
coefficient4=1.2195973991535036;
coefficient5=1.27300175872033;
coefficient6=5.509126611383279;
coefficient7=5.338444406140536;
coefficient8=0.1642805903616188;
coefficient9=0.6504204560150206;
coefficient10=0.25736774049768396;
