coefficient1=0.4838387090985101;
coefficient2=0.34829712593217765;
coefficient3=0.6918790665188412;
coefficient4=1.3291090655550855;
coefficient5=0.44822314794223295;
coefficient6=1.3852320912032354;
coefficient7=3.762628888293783;
coefficient8=0.24747916421571758;
coefficient9=0.8486701758133014;
coefficient10=0.39515582286867834;
