coefficient1=0.274565367622864;
coefficient2=0.452139820126906;
coefficient3=0.29458146167465005;
coefficient4=1.6735895039385587;
coefficient5=1.9048950678536603;
coefficient6=2.3671209996926894;
coefficient7=3.5283543960727686;
coefficient8=0.13284314235027128;
coefficient9=0.6334187464132629;
coefficient10=0.5042609956188039;
