coefficient1=0.7608789546310257;
coefficient2=0.8152720810640823;
coefficient3=0.7714752214943202;
coefficient4=1.3862726815644808;
coefficient5=1.6916688715466315;
coefficient6=3.3118792937583548;
coefficient7=5.336339819321067;
coefficient8=0.24130965912274915;
coefficient9=0.6220091560548395;
coefficient10=0.7643238958896136;
