coefficient1=0.8946821745297092;
coefficient2=0.6414342056732307;
coefficient3=0.5136319722193697;
coefficient4=1.6655555255547516;
coefficient5=0.8493777823264708;
coefficient6=6.38059863359203;
coefficient7=7.438575313568599;
coefficient8=0.8146817243454201;
coefficient9=0.31572787393574553;
coefficient10=0.08121147625052971;
