coefficient1=0.9282049105562833;
coefficient2=0.8572180283041917;
coefficient3=0.9178789716074861;
coefficient4=0.584569572431082;
coefficient5=1.9916980169279808;
coefficient6=0.7159433750957129;
coefficient7=0.5873229309395143;
coefficient8=0.8348057594057802;
coefficient9=0.5027591666748391;
coefficient10=0.5050261594339577;
