coefficient1=0.4972005878331137;
coefficient2=0.3721792705150181;
coefficient3=0.460682691356219;
coefficient4=0.9761332685038984;
coefficient5=1.2824104368164757;
coefficient6=5.7599982208216804;
coefficient7=6.096413151009237;
coefficient8=0.48761913196396933;
coefficient9=0.05179661443561501;
coefficient10=0.6896720836103118;
