coefficient1=0.06100107503440311;
coefficient2=0.5261256969589876;
coefficient3=0.5568446393557998;
coefficient4=0.7066751885610119;
coefficient5=1.3405252623188335;
coefficient6=6.75197546066397;
coefficient7=2.543304588231919;
coefficient8=0.7574895488053164;
coefficient9=0.5213509210375566;
coefficient10=0.45850412497883697;
