coefficient1=0.0512208648906749;
coefficient2=0.0205358651583607;
coefficient3=0.3631045575935822;
coefficient4=1.6198128467379227;
coefficient5=1.6559854434522965;
coefficient6=1.7073706488848845;
coefficient7=4.408939933380239;
coefficient8=0.7443977342661903;
coefficient9=0.27465845080423446;
coefficient10=0.07329363701183045;
