coefficient1=0.18057574391195597;
coefficient2=0.19486809474630717;
coefficient3=0.6330978746675859;
coefficient4=0.6247868947827655;
coefficient5=1.6395643477789619;
coefficient6=0.1462558678841379;
coefficient7=4.891912794913155;
coefficient8=0.232462710615148;
coefficient9=0.8485712062376093;
coefficient10=0.9686027417607059;
