coefficient1=0.8778320308908025;
coefficient2=0.7946052815093669;
coefficient3=0.9985469502898269;
coefficient4=0.8241831366026795;
coefficient5=0.7075914337364142;
coefficient6=4.207826727316641;
coefficient7=3.153884938128588;
coefficient8=0.10385492428333098;
coefficient9=0.5688510690643699;
coefficient10=0.4908767363297021;
