coefficient1=0.9618189292447497;
coefficient2=0.8851730798422495;
coefficient3=0.8101028053364939;
coefficient4=0.450471030935776;
coefficient5=0.8906220382090824;
coefficient6=0.16132828231166307;
coefficient7=5.235191773437148;
coefficient8=0.6817781823962857;
coefficient9=0.43964537378908364;
coefficient10=0.06913245004030666;
