coefficient1=0.9234818143014522;
coefficient2=0.09475716335555284;
coefficient3=0.45342744222281084;
coefficient4=1.2914646513825225;
coefficient5=1.1141267215801116;
coefficient6=6.306028945047485;
coefficient7=3.8001628546988995;
coefficient8=0.8347833937174629;
coefficient9=0.22132599801846198;
coefficient10=0.6113233425140786;
