coefficient1=0.38901179944236;
coefficient2=0.49428360091510015;
coefficient3=0.6101684551947918;
coefficient4=0.530710016333773;
coefficient5=0.7526932944353484;
coefficient6=6.479536466745212;
coefficient7=0.9081888513699345;
coefficient8=0.5515682461481128;
coefficient9=0.6640114312408189;
coefficient10=0.8868279554586449;
