coefficient1=0.3566995990062456;
coefficient2=0.8798904726388236;
coefficient3=0.32183933288506683;
coefficient4=1.3338231234624633;
coefficient5=0.3296334796911773;
coefficient6=2.9464684779091375;
coefficient7=5.165833638893299;
coefficient8=0.3224758267467589;
coefficient9=0.47114317363195757;
coefficient10=0.3734941819196269;
