coefficient1=0.7961631932403155;
coefficient2=0.9076571244933956;
coefficient3=0.9331071555403341;
coefficient4=0.6551291893339319;
coefficient5=1.7680932284086688;
coefficient6=5.60823273930288;
coefficient7=3.2022961163812047;
coefficient8=0.02846559903173529;
coefficient9=0.1384422133504679;
coefficient10=0.2368289575035608;
