coefficient1=0.5947987898707687;
coefficient2=0.45942611249818877;
coefficient3=0.23545897919146963;
coefficient4=1.9590213474676588;
coefficient5=1.6608380193127004;
coefficient6=5.565205256749876;
coefficient7=3.1165214465076696;
coefficient8=0.6738521225931239;
coefficient9=0.6404923219819127;
coefficient10=0.9290401487704408;
