coefficient1=0.7285694042479747;
coefficient2=0.6569574715347465;
coefficient3=0.6752207298202372;
coefficient4=0.0984353973775498;
coefficient5=0.15043004549510997;
coefficient6=2.4800885479305794;
coefficient7=0.2992604349893009;
coefficient8=0.04831844990506362;
coefficient9=0.4831431229478481;
coefficient10=0.5691106861663511;
