coefficient1=0.2371682868552868;
coefficient2=0.48560508759422705;
coefficient3=0.20644817414100902;
coefficient4=0.3075131828268407;
coefficient5=1.312785400820755;
coefficient6=1.1755350058452931;
coefficient7=4.5543091738203945;
coefficient8=0.002358713622347075;
coefficient9=0.06950256094438989;
coefficient10=0.4672237540494715;
