coefficient1=0.21690429644218756;
coefficient2=0.17747444272635482;
coefficient3=0.7026413504654101;
coefficient4=0.8751508258773404;
coefficient5=0.8070604284970795;
coefficient6=1.7610452140121193;
coefficient7=6.557331223196251;
coefficient8=0.3869879042172829;
coefficient9=0.1981866779270467;
coefficient10=0.6235003728436284;
