coefficient1=0.9856751505864603;
coefficient2=0.9991959962694963;
coefficient3=0.7719083647559402;
coefficient4=1.1848700883327028;
coefficient5=0.13445751703371145;
coefficient6=3.6830802790025814;
coefficient7=4.0060499821501425;
coefficient8=0.42376366200389726;
coefficient9=0.4252500253105733;
coefficient10=0.12827361653283986;
