coefficient1=0.6681012524347016;
coefficient2=0.10582977608464617;
coefficient3=0.04232321061260591;
coefficient4=0.9561590312940691;
coefficient5=1.2771793795781496;
coefficient6=1.946089102071812;
coefficient7=0.9000232498563765;
coefficient8=0.5812095918987246;
coefficient9=0.7442633323263204;
coefficient10=0.4367171562747614;
