coefficient1=0.604600721460129;
coefficient2=0.7552367680257083;
coefficient3=0.5529039247452122;
coefficient4=1.124056129734804;
coefficient5=1.0593169230323478;
coefficient6=1.4071692888664602;
coefficient7=4.9348184157943304;
coefficient8=0.8906455416587824;
coefficient9=0.8539521642469851;
coefficient10=0.3798055859301199;
