coefficient1=0.659475865174084;
coefficient2=0.011754006701260478;
coefficient3=0.8258838862296642;
coefficient4=1.6509226818312537;
coefficient5=1.532051456084459;
coefficient6=2.3207793057880153;
coefficient7=0.23017119827986754;
coefficient8=0.3991876145968881;
coefficient9=0.7621265564980113;
coefficient10=0.04438652921299635;
