coefficient1=0.37999191817987843;
coefficient2=0.17467757567780584;
coefficient3=0.6741720691477832;
coefficient4=1.5763139268552202;
coefficient5=0.03958858295270895;
coefficient6=3.7904636126214353;
coefficient7=2.1200907576506784;
coefficient8=0.9837030636311179;
coefficient9=0.3325221434373573;
coefficient10=0.28605125165892153;
