coefficient1=0.8065737011407705;
coefficient2=0.7071139761785058;
coefficient3=0.6774651742576445;
coefficient4=1.441986307476745;
coefficient5=0.4225588440287311;
coefficient6=5.826821621452839;
coefficient7=1.0932863315094332;
coefficient8=0.5246130789123735;
coefficient9=0.7141540382555267;
coefficient10=0.9489863343434997;
