coefficient1=0.10827208639063024;
coefficient2=0.371189203434069;
coefficient3=0.3073248671559238;
coefficient4=1.0968616078441102;
coefficient5=1.2322360385840856;
coefficient6=6.118951789887413;
coefficient7=2.5701614828652772;
coefficient8=0.21762217289846963;
coefficient9=0.5824520745742092;
coefficient10=0.5541889462945316;
