coefficient1=0.908316503240503;
coefficient2=0.7395986422205016;
coefficient3=0.43296414720048004;
coefficient4=1.5785992905425754;
coefficient5=0.41924380160406227;
coefficient6=2.878634021837163;
coefficient7=2.7817385393308935;
coefficient8=0.18075220418700733;
coefficient9=0.8787211987448232;
coefficient10=0.204001277587745;
