coefficient1=0.8242253104819457;
coefficient2=0.17879227347016735;
coefficient3=0.19082946356503128;
coefficient4=1.7255649752857998;
coefficient5=1.2135503325460442;
coefficient6=0.21343657403721394;
coefficient7=5.592405139211387;
coefficient8=0.7409049799510794;
coefficient9=0.26013609216948663;
coefficient10=0.8340350725293701;
