coefficient1=0.8956534643535982;
coefficient2=0.20593788125075596;
coefficient3=0.017848574071772316;
coefficient4=0.7454642024758751;
coefficient5=1.5598294810174633;
coefficient6=4.631086948467144;
coefficient7=6.386159730044894;
coefficient8=0.5601441357157672;
coefficient9=0.749459679564534;
coefficient10=0.9755415610955606;
