coefficient1=0.9275817679492769;
coefficient2=0.9049899958365358;
coefficient3=0.2339560909753322;
coefficient4=0.3396321895145282;
coefficient5=0.3644489113756306;
coefficient6=6.581911085751352;
coefficient7=0.8123424275186704;
coefficient8=0.032276879734291275;
coefficient9=0.07261129565323599;
coefficient10=0.9395276326796279;
