coefficient1=0.8077108658254243;
coefficient2=0.5464622612469828;
coefficient3=0.08118875934804248;
coefficient4=1.3147172447398119;
coefficient5=0.8991350560436144;
coefficient6=5.035364031591614;
coefficient7=6.3420213656412985;
coefficient8=0.3624762659955939;
coefficient9=0.3754468003028306;
coefficient10=0.33330971906478823;
