coefficient1=0.18310009922972492;
coefficient2=0.37135421088026166;
coefficient3=0.7668247566890285;
coefficient4=0.5326931246147995;
coefficient5=0.45790807721139504;
coefficient6=7.573364766359725;
coefficient7=2.1978788579547874;
coefficient8=0.8705410095454067;
coefficient9=0.9643864810634046;
coefficient10=0.9858028136590589;
