coefficient1=0.6549791085205168;
coefficient2=0.4310013336443277;
coefficient3=0.0025260880103378236;
coefficient4=0.42734023526387066;
coefficient5=0.8083348130375116;
coefficient6=3.3987914626743425;
coefficient7=5.306907665429215;
coefficient8=0.5279618689971479;
coefficient9=0.4177668953620376;
coefficient10=0.9669960860590514;
