coefficient1=0.7772694520865039;
coefficient2=0.9407902624236507;
coefficient3=0.46277009216303255;
coefficient4=0.14431318677876592;
coefficient5=1.3362901871148927;
coefficient6=1.8539457049126122;
coefficient7=2.800978257299355;
coefficient8=0.4456726731068902;
coefficient9=0.5098485212225183;
coefficient10=0.934275781602031;
