coefficient1=0.8922222697005633;
coefficient2=0.2761669199382677;
coefficient3=0.6378037845688906;
coefficient4=0.2287631027082484;
coefficient5=0.4908720988207762;
coefficient6=0.6893800121244205;
coefficient7=2.343117039966021;
coefficient8=0.41712320429616434;
coefficient9=0.9667299246727666;
coefficient10=0.2546946143874027;
