coefficient1=0.9771866484393823;
coefficient2=0.3047030686752843;
coefficient3=0.9446555916818453;
coefficient4=0.3066518970776;
coefficient5=0.6916410534852011;
coefficient6=6.657269526389135;
coefficient7=7.69951362077615;
coefficient8=0.43049225288761384;
coefficient9=0.21425567963415748;
coefficient10=0.7647868017166083;
