coefficient1=0.1957069928132371;
coefficient2=0.5318102012609696;
coefficient3=0.2937429305999606;
coefficient4=0.7588929924301384;
coefficient5=0.16848929038219818;
coefficient6=1.696668542152537;
coefficient7=4.913792012536956;
coefficient8=0.5714255380230854;
coefficient9=0.7486911999055924;
coefficient10=0.07892720255400276;
