coefficient1=0.22036478187833708;
coefficient2=0.5070087560761818;
coefficient3=0.4833962272318344;
coefficient4=1.5604741207061956;
coefficient5=1.5419474604918775;
coefficient6=4.673309638835443;
coefficient7=5.557574221579587;
coefficient8=0.34618760584990327;
coefficient9=0.7626844667957106;
coefficient10=0.20103417493771647;
