coefficient1=0.13180251612024285;
coefficient2=0.9890472977180071;
coefficient3=0.5948780177050351;
coefficient4=0.6610324417637479;
coefficient5=0.14519924906185988;
coefficient6=2.0664445991847398;
coefficient7=4.775383592318567;
coefficient8=0.012136444164972282;
coefficient9=0.6760614279648571;
coefficient10=0.33130240416828005;
