coefficient1=0.651429631389491;
coefficient2=0.6938727664396857;
coefficient3=0.8173342138104613;
coefficient4=0.6225843000653122;
coefficient5=1.346320685111082;
coefficient6=1.3365409168108568;
coefficient7=1.4687500979540156;
coefficient8=0.9551892582909148;
coefficient9=0.17478954150074044;
coefficient10=0.36932645685245524;
