coefficient1=0.6638990730510996;
coefficient2=0.46289430768096973;
coefficient3=0.45023868754450835;
coefficient4=1.8741667202110603;
coefficient5=1.71986077948945;
coefficient6=0.3659455797255413;
coefficient7=5.885146537397912;
coefficient8=0.8636767065070385;
coefficient9=0.4647052636122757;
coefficient10=0.6162092151488324;
