coefficient1=0.6433054301587126;
coefficient2=0.8516142722670909;
coefficient3=0.12367424759710666;
coefficient4=0.33283182018666335;
coefficient5=1.2065080537164339;
coefficient6=5.0811612620242705;
coefficient7=7.060518056847646;
coefficient8=0.8471468752656546;
coefficient9=0.34509340475583306;
coefficient10=0.3390488258774752;
