coefficient1=0.4338297358694435;
coefficient2=0.9861128075237076;
coefficient3=0.8333015449879564;
coefficient4=1.8251197425126848;
coefficient5=0.42331504531957975;
coefficient6=3.6477802078328487;
coefficient7=6.609153470281182;
coefficient8=0.9260204266519014;
coefficient9=0.369427091319118;
coefficient10=0.7029051071849912;
