coefficient1=0.15813535977437776;
coefficient2=0.9392943256808142;
coefficient3=0.8707930292603379;
coefficient4=0.8332489961966112;
coefficient5=0.8254145245157112;
coefficient6=4.296927235720452;
coefficient7=5.557808884872854;
coefficient8=0.6446411793835929;
coefficient9=0.18644471707201282;
coefficient10=0.9616474007805915;
