coefficient1=0.549079845873251;
coefficient2=0.6333146356215363;
coefficient3=0.7584404609023677;
coefficient4=1.471104519139921;
coefficient5=1.4648031755791655;
coefficient6=4.343215255923491;
coefficient7=0.5033872248193978;
coefficient8=0.97020175863571;
coefficient9=0.9887067256552385;
coefficient10=0.4562205108083762;
