coefficient1=0.6974942753153711;
coefficient2=0.3652886241187522;
coefficient3=0.4888113368864463;
coefficient4=0.7753539955010316;
coefficient5=1.9146806370191718;
coefficient6=5.874832395556561;
coefficient7=4.68926717341825;
coefficient8=0.4454021949801221;
coefficient9=0.4461071601277201;
coefficient10=0.4570950162054349;
