coefficient1=0.9997087275698413;
coefficient2=0.06791278762177266;
coefficient3=0.8298565575014988;
coefficient4=1.2955249265161577;
coefficient5=1.9285593150244027;
coefficient6=7.524740899074529;
coefficient7=3.4147576157439685;
coefficient8=0.9527618235464324;
coefficient9=0.0882974350445962;
coefficient10=0.5620816221622763;
