coefficient1=0.4124022096667792;
coefficient2=0.2564627407159279;
coefficient3=0.746313492151562;
coefficient4=0.4634651944282111;
coefficient5=0.17889070660644002;
coefficient6=1.2455735049003103;
coefficient7=4.277880081866631;
coefficient8=0.0844340663326999;
coefficient9=0.8701061724370353;
coefficient10=0.9854820570696886;
