coefficient1=0.8187720682683943;
coefficient2=0.6459846753622926;
coefficient3=0.5493313335860454;
coefficient4=1.138936117852716;
coefficient5=0.9233376657384171;
coefficient6=1.3644150634696386;
coefficient7=6.784539904520563;
coefficient8=0.6257616844773183;
coefficient9=0.386059089620164;
coefficient10=0.7943541839796411;
