coefficient1=0.6483636350578252;
coefficient2=0.7039116294183793;
coefficient3=0.3555492299378863;
coefficient4=0.47959477073054835;
coefficient5=0.8169635048538137;
coefficient6=4.564685482033826;
coefficient7=0.7042671429779013;
coefficient8=0.8302981036724285;
coefficient9=0.2630228815523119;
coefficient10=0.3598163149952268;
