coefficient1=0.5669503081918291;
coefficient2=0.02721180354409658;
coefficient3=0.28566723707326036;
coefficient4=1.9339683347709304;
coefficient5=0.8326409306308127;
coefficient6=4.7225974365203465;
coefficient7=3.026451072466128;
coefficient8=0.14067853598779767;
coefficient9=0.791743741829032;
coefficient10=0.4623385286529852;
