coefficient1=0.9015003580301945;
coefficient2=0.42323682744424074;
coefficient3=0.6865241527247788;
coefficient4=1.970664222083336;
coefficient5=1.1131859718176524;
coefficient6=3.057057547496628;
coefficient7=1.9444661532049548;
coefficient8=0.33981201904315905;
coefficient9=0.4721090534714779;
coefficient10=0.13100203865988658;
