coefficient1=0.21455574320117832;
coefficient2=0.023278210816190748;
coefficient3=0.5359804113922612;
coefficient4=1.355091112358051;
coefficient5=0.28699762596122325;
coefficient6=3.353011870517614;
coefficient7=4.18276913937056;
coefficient8=0.15260146075810754;
coefficient9=0.2239329663689129;
coefficient10=0.4964957725884397;
