coefficient1=0.1699797920674604;
coefficient2=0.2413272297525807;
coefficient3=0.9545616418312423;
coefficient4=0.6439864591357054;
coefficient5=1.9270216826068707;
coefficient6=2.6200944055955695;
coefficient7=6.452497455183881;
coefficient8=0.9674535353144766;
coefficient9=0.49188813743393756;
coefficient10=0.6436870623799651;
