coefficient1=0.9969316199611044;
coefficient2=0.023394704879991624;
coefficient3=0.7641460489630354;
coefficient4=0.30941857091091385;
coefficient5=1.6612333514615014;
coefficient6=0.3017378209860917;
coefficient7=6.803853487483851;
coefficient8=0.24582939933404968;
coefficient9=0.8786786625433582;
coefficient10=0.6221390734563835;
