coefficient1=0.6931820794823915;
coefficient2=0.5872747900707079;
coefficient3=0.6783145309140174;
coefficient4=0.0899969480424827;
coefficient5=1.3036910935666748;
coefficient6=1.113803806957165;
coefficient7=2.405654553927376;
coefficient8=0.45846997520337773;
coefficient9=0.08636850608595636;
coefficient10=0.796695800880418;
