coefficient1=0.6793390675507728;
coefficient2=0.27540431174850466;
coefficient3=0.6096865219865498;
coefficient4=0.36769932697437047;
coefficient5=0.40206147054100416;
coefficient6=4.6283144486575845;
coefficient7=5.861621950798284;
coefficient8=0.8103827976803938;
coefficient9=0.7222839117975167;
coefficient10=0.4583368471643049;
