coefficient1=0.8076136048959612;
coefficient2=0.7082918825908919;
coefficient3=0.36319035092920005;
coefficient4=1.9548838357108154;
coefficient5=1.1463561913715181;
coefficient6=0.96381239624424;
coefficient7=0.29129872559902736;
coefficient8=0.5218362402704584;
coefficient9=0.509988758703636;
coefficient10=0.0683004585630067;
