coefficient1=0.6897719574748624;
coefficient2=0.1455710096074918;
coefficient3=0.7503257454564127;
coefficient4=0.6177879234771047;
coefficient5=1.30720997842559;
coefficient6=3.522302142827815;
coefficient7=1.1214159030778728;
coefficient8=0.5699130273907219;
coefficient9=0.6360748465373988;
coefficient10=0.19444674611087842;
