coefficient1=0.8360708481456832;
coefficient2=0.8276248276246011;
coefficient3=0.9253909008961697;
coefficient4=1.151680218398788;
coefficient5=1.7325705300171566;
coefficient6=6.547360412401985;
coefficient7=7.625096011860312;
coefficient8=0.75762588339174;
coefficient9=0.8716044518839705;
coefficient10=0.14795008483323346;
