coefficient1=0.4372899088363347;
coefficient2=0.0927295748935617;
coefficient3=0.7284017164287834;
coefficient4=1.9897537726918713;
coefficient5=1.6858815627763977;
coefficient6=0.7200705186757466;
coefficient7=0.8885598984693583;
coefficient8=0.48920289926158633;
coefficient9=0.09947748774403731;
coefficient10=0.39756085587795886;
