coefficient1=0.1729281308897288;
coefficient2=0.9750264901118165;
coefficient3=0.739467269639296;
coefficient4=1.5638319712435513;
coefficient5=0.6422838757380351;
coefficient6=4.386882982915549;
coefficient7=1.475936986180681;
coefficient8=0.6023790591968804;
coefficient9=0.07958409137969935;
coefficient10=0.11743978042953884;
