coefficient1=0.7925104963338456;
coefficient2=0.0776698760776221;
coefficient3=0.9999376732780552;
coefficient4=1.923693950120652;
coefficient5=1.3163969080412024;
coefficient6=1.8761271804436896;
coefficient7=0.279250178339157;
coefficient8=0.15546512652391287;
coefficient9=0.4963232012212312;
coefficient10=0.581910665372173;
