coefficient1=0.907367113792446;
coefficient2=0.3292803187673462;
coefficient3=0.5771588718210517;
coefficient4=1.529366445781181;
coefficient5=0.828723356313184;
coefficient6=3.750709334313812;
coefficient7=1.4972705679447031;
coefficient8=0.9874150222837301;
coefficient9=0.973487154703035;
coefficient10=0.19111944525118585;
