coefficient1=0.7057452481720514;
coefficient2=0.5762505000096281;
coefficient3=0.6778868727587694;
coefficient4=0.5755334760361777;
coefficient5=0.35115475917933137;
coefficient6=0.2688831261696878;
coefficient7=3.315256860894231;
coefficient8=0.00825401723297381;
coefficient9=0.867222509642106;
coefficient10=0.6015405584247224;
