coefficient1=0.29822418558202246;
coefficient2=0.37635479720963194;
coefficient3=0.5741519806399655;
coefficient4=1.7304927303125086;
coefficient5=1.7355272454730548;
coefficient6=0.6716651489770662;
coefficient7=5.266081621138409;
coefficient8=0.5210136351103518;
coefficient9=0.5615534487325489;
coefficient10=0.7564104241551799;
