coefficient1=0.4077627500473583;
coefficient2=0.27392169032047864;
coefficient3=0.6422267029992611;
coefficient4=0.8228446820833859;
coefficient5=1.9125832857298521;
coefficient6=1.0440479558662323;
coefficient7=5.121268856221099;
coefficient8=0.21896057143306236;
coefficient9=0.6470279040077943;
coefficient10=0.779149485665764;
