coefficient1=0.3298968144971951;
coefficient2=0.8642950036728669;
coefficient3=0.6809710120689517;
coefficient4=1.49927888399923;
coefficient5=1.8084413974910236;
coefficient6=4.999554473729599;
coefficient7=0.7594331266689993;
coefficient8=0.3297492897278559;
coefficient9=0.8044268373707423;
coefficient10=0.7148064836138207;
