coefficient1=0.4308646872797103;
coefficient2=0.2857589148862;
coefficient3=0.2344770205458937;
coefficient4=1.5467644563611997;
coefficient5=0.2767470101865179;
coefficient6=0.7682574468660892;
coefficient7=7.868804688322487;
coefficient8=0.4365976568295473;
coefficient9=0.5405431008000642;
coefficient10=0.38562484683494747;
