coefficient1=0.8954721124964096;
coefficient2=0.941084428687825;
coefficient3=0.8181296458270484;
coefficient4=1.648059847938918;
coefficient5=0.14548301669250474;
coefficient6=6.96349503861496;
coefficient7=3.3549350411282264;
coefficient8=0.8069650067881864;
coefficient9=0.1772737082174608;
coefficient10=0.4367905466601085;
