coefficient1=0.45134653058914787;
coefficient2=0.23860804393620616;
coefficient3=0.8771035851594129;
coefficient4=1.587388217541625;
coefficient5=0.3166146850752811;
coefficient6=7.974107815716682;
coefficient7=3.8349984822144805;
coefficient8=0.6631255233348955;
coefficient9=0.734919856118955;
coefficient10=0.20655416139346228;
