coefficient1=0.7635068079269735;
coefficient2=0.0010294974588520578;
coefficient3=0.3486091600218951;
coefficient4=0.9442810093047;
coefficient5=1.1998643845060915;
coefficient6=7.213643590775706;
coefficient7=6.761761573748312;
coefficient8=0.7963729436127006;
coefficient9=0.23436801283601305;
coefficient10=0.41807149026412926;
