coefficient1=0.40474901951550746;
coefficient2=0.28488993584998235;
coefficient3=0.9572936121206096;
coefficient4=0.2593129789121589;
coefficient5=0.23642934040898034;
coefficient6=5.961601667035776;
coefficient7=2.7036833290462994;
coefficient8=0.8902138902417474;
coefficient9=0.3884130210512602;
coefficient10=0.36721453992035535;
