coefficient1=0.7645624659882759;
coefficient2=0.07460695636810011;
coefficient3=0.048557505864321504;
coefficient4=1.336982428915902;
coefficient5=0.5874579308547454;
coefficient6=7.903730782782925;
coefficient7=6.616126949936055;
coefficient8=0.17146431770351866;
coefficient9=0.8257856895600818;
coefficient10=0.8929766635633719;
