coefficient1=0.3326084271389017;
coefficient2=0.8234699240280337;
coefficient3=0.7176558772541839;
coefficient4=0.06415750653108021;
coefficient5=1.3395330191259323;
coefficient6=7.913304088713955;
coefficient7=1.2770243522025195;
coefficient8=0.9770107217158448;
coefficient9=0.9142776512709596;
coefficient10=0.8599142315626049;
