coefficient1=0.01995604334390766;
coefficient2=0.31537738622143763;
coefficient3=0.8606297393232208;
coefficient4=0.055046978351207754;
coefficient5=0.28769161109009667;
coefficient6=4.2225039520379;
coefficient7=5.375302585292857;
coefficient8=0.8122395458126869;
coefficient9=0.5455163141242865;
coefficient10=0.8235015667726486;
