coefficient1=0.1793791115481589;
coefficient2=0.8757929408694141;
coefficient3=0.4748747614814468;
coefficient4=0.5505081364606983;
coefficient5=1.7453231098901174;
coefficient6=3.4449308493258215;
coefficient7=0.09225720411118932;
coefficient8=0.27854083857806566;
coefficient9=0.423218375843498;
coefficient10=0.38138213807216526;
