coefficient1=0.8834437842990236;
coefficient2=0.8609780072323815;
coefficient3=0.2817655420652142;
coefficient4=0.04344318701745542;
coefficient5=1.5876969715219384;
coefficient6=4.625981739013646;
coefficient7=3.308357687924703;
coefficient8=0.08576865687980995;
coefficient9=0.9504271691614319;
coefficient10=0.0008941595084722698;
