coefficient1=0.2575306668762942;
coefficient2=0.7552799378546484;
coefficient3=0.6093781516023661;
coefficient4=1.4430393747898254;
coefficient5=0.5825075674484719;
coefficient6=4.414712976499558;
coefficient7=3.356620443396295;
coefficient8=0.4389586226731379;
coefficient9=0.599435877578241;
coefficient10=0.5978973497754037;
