coefficient1=0.7479267314198469;
coefficient2=0.3371622369510736;
coefficient3=0.6172392099956795;
coefficient4=0.35228085092376604;
coefficient5=1.147225776997667;
coefficient6=1.8307617195742374;
coefficient7=2.8654262602893272;
coefficient8=0.48514853435705296;
coefficient9=0.5128041243946567;
coefficient10=0.997593751602538;
