coefficient1=0.4315564388753884;
coefficient2=0.14207275782849993;
coefficient3=0.624096039650416;
coefficient4=0.6882108849555588;
coefficient5=1.3449294452391636;
coefficient6=6.091118337509245;
coefficient7=2.134713989789403;
coefficient8=0.006340760880346297;
coefficient9=0.3182372037000265;
coefficient10=0.7257672003575312;
