coefficient1=0.08385906529630771;
coefficient2=0.014309940619441797;
coefficient3=0.3160878123724229;
coefficient4=0.22000677235241461;
coefficient5=0.3461697051774659;
coefficient6=1.3305964875404444;
coefficient7=1.0518754444040868;
coefficient8=0.05482636238339711;
coefficient9=0.0022338491426917573;
coefficient10=0.6618919207586067;
