coefficient1=0.9852136763812335;
coefficient2=0.665932964202908;
coefficient3=0.36541594493180773;
coefficient4=1.916351606466106;
coefficient5=0.17138240902016677;
coefficient6=0.9294540913079459;
coefficient7=1.2457778909336517;
coefficient8=0.75096889410584;
coefficient9=0.6245546986651491;
coefficient10=0.5585569989321336;
