coefficient1=0.759572222268321;
coefficient2=0.8554176997760506;
coefficient3=0.774763634528969;
coefficient4=0.25623694346309867;
coefficient5=1.4027600293825015;
coefficient6=2.4163762398632658;
coefficient7=2.3500251432425268;
coefficient8=0.8167996808632338;
coefficient9=0.5942709256110359;
coefficient10=0.7989425827804691;
