coefficient1=0.24698785076779617;
coefficient2=0.13753074770119467;
coefficient3=0.14076382767586226;
coefficient4=1.4578449013519938;
coefficient5=0.5104551890930684;
coefficient6=3.8952587530574254;
coefficient7=4.627662992503414;
coefficient8=0.9867462381049293;
coefficient9=0.7914228000465134;
coefficient10=0.9107472822949377;
