coefficient1=0.5762965437971944;
coefficient2=0.9991149256393249;
coefficient3=0.2810177345837994;
coefficient4=0.9813799440342788;
coefficient5=1.8373592382359198;
coefficient6=4.4884355067676225;
coefficient7=2.420881295477762;
coefficient8=0.7768600106439104;
coefficient9=0.107781183066048;
coefficient10=0.0810574399331816;
