coefficient1=0.6221507675817932;
coefficient2=0.1799302656789501;
coefficient3=0.20839689043126108;
coefficient4=0.28249692317025477;
coefficient5=0.6558440995016994;
coefficient6=6.974228579134773;
coefficient7=4.549631009565833;
coefficient8=0.5791070165805712;
coefficient9=0.8657285261866083;
coefficient10=0.27930187593880973;
