coefficient1=0.3132772466040077;
coefficient2=0.9494916262772978;
coefficient3=0.01764265787946173;
coefficient4=1.5669232263708266;
coefficient5=1.452034213209741;
coefficient6=6.970528364552699;
coefficient7=5.214952488734162;
coefficient8=0.8127259092841403;
coefficient9=0.8726154491091036;
coefficient10=0.9935439010741393;
