coefficient1=0.5705408145699143;
coefficient2=0.26442958525522986;
coefficient3=0.7084572300997111;
coefficient4=0.7442245457799279;
coefficient5=0.9413942463341947;
coefficient6=7.946106078163482;
coefficient7=1.044452722093987;
coefficient8=0.30670626004209356;
coefficient9=0.2548023641923336;
coefficient10=0.810739556808495;
