coefficient1=0.04003909316483156;
coefficient2=0.6280525981648913;
coefficient3=0.5341876394107923;
coefficient4=1.5431547633275848;
coefficient5=1.801501053496231;
coefficient6=7.71530832583499;
coefficient7=1.729146924215816;
coefficient8=0.042422194766974286;
coefficient9=0.7197764490994102;
coefficient10=0.3094838374427664;
