coefficient1=0.7974752154959424;
coefficient2=0.3334070053628825;
coefficient3=0.8072778178959433;
coefficient4=1.2808130411817054;
coefficient5=1.7190599853981863;
coefficient6=1.6316143069800768;
coefficient7=4.0717409381195715;
coefficient8=0.37514977347978284;
coefficient9=0.644247932867925;
coefficient10=0.3539046630798387;
