coefficient1=0.15204455115730553;
coefficient2=0.8854974654758587;
coefficient3=0.5989013159009537;
coefficient4=0.8891683412842857;
coefficient5=0.25476131982658656;
coefficient6=2.4177922488128765;
coefficient7=2.469316672540928;
coefficient8=0.029868874106611654;
coefficient9=0.45055005479629673;
coefficient10=0.7336846074312369;
