coefficient1=0.45949172777286773;
coefficient2=0.8825262483097372;
coefficient3=0.06575007372589403;
coefficient4=1.0388276940423316;
coefficient5=1.6683743963264723;
coefficient6=2.02859998614068;
coefficient7=4.647266063221639;
coefficient8=0.2500253576517134;
coefficient9=0.6346204995141632;
coefficient10=0.6786277123045481;
