coefficient1=0.9506516019283182;
coefficient2=0.24019640601808045;
coefficient3=0.6438821905974585;
coefficient4=0.710258207338478;
coefficient5=1.8760153920863298;
coefficient6=1.0108677151108232;
coefficient7=0.986634729532585;
coefficient8=0.02544283438315853;
coefficient9=0.13838197032640753;
coefficient10=0.1222313412464594;
