coefficient1=0.16273396543146734;
coefficient2=0.8426976895953611;
coefficient3=0.7041588387468586;
coefficient4=0.3212176834861493;
coefficient5=1.6908586339018574;
coefficient6=1.4712105567052616;
coefficient7=0.3907411835800412;
coefficient8=0.28665585988108044;
coefficient9=0.09075502144754188;
coefficient10=0.10968268823057836;
