coefficient1=0.4924297536858798;
coefficient2=0.9365729237308976;
coefficient3=0.3518906937226882;
coefficient4=0.3191001006854455;
coefficient5=0.9796417981353789;
coefficient6=4.865247328056744;
coefficient7=1.5439918127526138;
coefficient8=0.7550115985377992;
coefficient9=0.3840382967002879;
coefficient10=0.5642122702779554;
