coefficient1=0.5998026259217525;
coefficient2=0.18945363369237989;
coefficient3=0.9339535896311657;
coefficient4=1.3067685665509337;
coefficient5=1.2099074185019372;
coefficient6=5.3400135280405046;
coefficient7=5.4663603797428735;
coefficient8=0.5629448928271714;
coefficient9=0.1452688359747849;
coefficient10=0.875933705887987;
