coefficient1=0.9816430500885855;
coefficient2=0.3073361501887214;
coefficient3=0.4256450341116712;
coefficient4=0.7766306287843634;
coefficient5=1.5497107867271858;
coefficient6=0.9629316094863096;
coefficient7=2.225662389220915;
coefficient8=0.9280967152856426;
coefficient9=0.010155202237616567;
coefficient10=0.20448647800155317;
