coefficient1=0.8181367787693058;
coefficient2=0.7714386601996301;
coefficient3=0.9640235456530286;
coefficient4=1.523286640802301;
coefficient5=1.2277511708871647;
coefficient6=4.719168687362432;
coefficient7=0.46348411722967686;
coefficient8=0.39851534531474875;
coefficient9=0.2752514156598531;
coefficient10=0.05253149844827465;
