coefficient1=0.6811617134705971;
coefficient2=0.45440849045370424;
coefficient3=0.5955907256481404;
coefficient4=0.9035569725995041;
coefficient5=1.5977282254207155;
coefficient6=3.2224004410448117;
coefficient7=3.594516095046192;
coefficient8=0.9907155835573387;
coefficient9=0.7082186154723228;
coefficient10=0.3991114838399251;
