coefficient1=0.3716583441161725;
coefficient2=0.06191785236157288;
coefficient3=0.841329036695882;
coefficient4=0.1487998919346205;
coefficient5=0.5370872216534239;
coefficient6=0.4869259706262401;
coefficient7=1.5796071087296628;
coefficient8=0.24094058772436222;
coefficient9=0.3665281233859591;
coefficient10=0.7475689967054509;
