coefficient1=0.8291227539562575;
coefficient2=0.46246797214446655;
coefficient3=0.23353669352837614;
coefficient4=1.3940920548525355;
coefficient5=1.558478290657767;
coefficient6=0.3022678598571815;
coefficient7=5.650130476393595;
coefficient8=0.5829782249296789;
coefficient9=0.49009760252177903;
coefficient10=0.9426831805776372;
