coefficient1=0.7153143026730616;
coefficient2=0.6069592402323379;
coefficient3=0.09644717507863787;
coefficient4=1.0745954996183869;
coefficient5=1.8956986086431233;
coefficient6=1.5057245561441333;
coefficient7=6.012468129199239;
coefficient8=0.8151216223727357;
coefficient9=0.4015284658847521;
coefficient10=0.13501997776371122;
