coefficient1=0.31554781291521383;
coefficient2=0.9113150332063218;
coefficient3=0.06902139689119346;
coefficient4=1.2478348413582434;
coefficient5=0.582940522433667;
coefficient6=1.4037827338236086;
coefficient7=1.6408866175346244;
coefficient8=0.6549849402356261;
coefficient9=0.6678365260016617;
coefficient10=0.5904218960258059;
