coefficient1=0.5805830886935343;
coefficient2=0.9682523647361313;
coefficient3=0.866910441248025;
coefficient4=1.7771873983467847;
coefficient5=0.7251680365963529;
coefficient6=2.9584334114152133;
coefficient7=1.8301574661775861;
coefficient8=0.02748625057489329;
coefficient9=0.6055731347025646;
coefficient10=0.06802946811097232;
