coefficient1=0.4692814253137617;
coefficient2=0.9289250016338836;
coefficient3=0.2122869380288066;
coefficient4=0.5616177698957951;
coefficient5=1.665614271000436;
coefficient6=1.9705248342243236;
coefficient7=1.8793975943922483;
coefficient8=0.381608623776573;
coefficient9=0.90826882451976;
coefficient10=0.7325088593072536;
