coefficient1=0.5122195525067406;
coefficient2=0.447588297650534;
coefficient3=0.4456635634228231;
coefficient4=1.1163647541022066;
coefficient5=1.52790207762414;
coefficient6=5.471009891449137;
coefficient7=3.9684099068885113;
coefficient8=0.7643558309863637;
coefficient9=0.033103532383196854;
coefficient10=0.8217974013501388;
