coefficient1=0.38699215276338517;
coefficient2=0.5440271144138893;
coefficient3=0.04640306188555432;
coefficient4=0.4767419198073499;
coefficient5=0.526670134968892;
coefficient6=2.8185278224696395;
coefficient7=4.317088680196945;
coefficient8=0.7582410311903673;
coefficient9=0.3663045121557429;
coefficient10=0.9454207528933523;
