coefficient1=0.5803718200513389;
coefficient2=0.40147612157239165;
coefficient3=0.48772420133909955;
coefficient4=0.661123644825891;
coefficient5=1.208567765132727;
coefficient6=6.595337824099081;
coefficient7=4.023050651498866;
coefficient8=0.008355493066075081;
coefficient9=0.9717452104131716;
coefficient10=0.9300891079942181;
