coefficient1=0.09620835171236919;
coefficient2=0.10146140407365833;
coefficient3=0.9369059993662393;
coefficient4=1.1453537055488094;
coefficient5=1.200892238041236;
coefficient6=1.139053041319551;
coefficient7=2.535748393285288;
coefficient8=0.2117201868727897;
coefficient9=0.6812815157529853;
coefficient10=0.9696952385736426;
