coefficient1=0.1463614192437731;
coefficient2=0.40956797078591733;
coefficient3=0.6334406480215854;
coefficient4=0.9522977155509529;
coefficient5=1.3097655547709794;
coefficient6=2.8879624406346665;
coefficient7=4.269193672901124;
coefficient8=0.8184484910530879;
coefficient9=0.2745591690594733;
coefficient10=0.1219510077521131;
