coefficient1=0.5548758446848036;
coefficient2=0.6796304505029979;
coefficient3=0.2570896231432046;
coefficient4=0.40292629935935964;
coefficient5=0.831955646727466;
coefficient6=4.193064056578555;
coefficient7=1.4003366158491124;
coefficient8=0.8202342881072398;
coefficient9=0.06484335083486092;
coefficient10=0.6361359194185728;
