coefficient1=0.8921979159287435;
coefficient2=0.8433399122650165;
coefficient3=0.36374665014943997;
coefficient4=0.7580689020250537;
coefficient5=0.33149469387320374;
coefficient6=7.2731517190592925;
coefficient7=1.4942712698864842;
coefficient8=0.07522000126609052;
coefficient9=0.985877380952721;
coefficient10=0.29004420859724056;
