coefficient1=0.5183901705258939;
coefficient2=0.8658975318221358;
coefficient3=0.3673593928746296;
coefficient4=0.18488299749095538;
coefficient5=0.903543475571047;
coefficient6=6.1481820645497445;
coefficient7=7.436653868359537;
coefficient8=0.3770460172115685;
coefficient9=0.5721676324818458;
coefficient10=0.36881456611816166;
