coefficient1=0.9884591710895626;
coefficient2=0.1445614194082786;
coefficient3=0.28815295096691895;
coefficient4=1.1567142594935518;
coefficient5=0.7614937697570989;
coefficient6=4.112426488951599;
coefficient7=1.904711962393483;
coefficient8=0.7197031413656888;
coefficient9=0.6236077577675871;
coefficient10=0.7989109223108456;
