coefficient1=0.8638534822008218;
coefficient2=0.569767689779384;
coefficient3=0.06317765876563242;
coefficient4=0.2483632764781707;
coefficient5=1.8843194555775706;
coefficient6=7.1163574134427785;
coefficient7=6.386916151317731;
coefficient8=0.8231556594756521;
coefficient9=0.8627066438722677;
coefficient10=0.23340170565852703;
