coefficient1=0.9333464337364966;
coefficient2=0.7542863101973851;
coefficient3=0.7305270170149801;
coefficient4=1.449301529346929;
coefficient5=1.4821346058930287;
coefficient6=5.404432147987306;
coefficient7=6.166047777784777;
coefficient8=0.981668114655622;
coefficient9=0.1355295767524598;
coefficient10=0.14473089490541524;
