coefficient1=0.22644153660414146;
coefficient2=0.02368767519446413;
coefficient3=0.39231629402398527;
coefficient4=0.567899384450034;
coefficient5=0.5998411258937688;
coefficient6=4.075412245884534;
coefficient7=1.1248910697673349;
coefficient8=0.6308833843244311;
coefficient9=0.45255461464527935;
coefficient10=0.14356034025563347;
