coefficient1=0.04702441702563864;
coefficient2=0.943431530065029;
coefficient3=0.08208600415884748;
coefficient4=0.1856344779658614;
coefficient5=0.622411067628843;
coefficient6=7.965249033072633;
coefficient7=5.419981138450635;
coefficient8=0.7595266152951385;
coefficient9=0.6632260169196152;
coefficient10=0.9006476884777734;
