coefficient1=0.8892278481345925;
coefficient2=0.8527372497673521;
coefficient3=0.7288778601579842;
coefficient4=1.9404492571954148;
coefficient5=0.030651185254849445;
coefficient6=4.536081677910366;
coefficient7=6.46945320632841;
coefficient8=0.810156924184512;
coefficient9=0.4807954226663723;
coefficient10=0.3028203315627115;
