coefficient1=0.20404033702782132;
coefficient2=0.4747214362069868;
coefficient3=0.6377460900043329;
coefficient4=1.6006690700760389;
coefficient5=0.8836184471049671;
coefficient6=1.5581318667943318;
coefficient7=0.7622456065139591;
coefficient8=0.09008013621302446;
coefficient9=0.6993553935064666;
coefficient10=0.5992315269005264;
