coefficient1=0.654490220045491;
coefficient2=0.37118814643538456;
coefficient3=0.12930311199231548;
coefficient4=0.9667437351685177;
coefficient5=1.4616618517109061;
coefficient6=0.5376446596435231;
coefficient7=2.067750681613913;
coefficient8=0.3811527951938042;
coefficient9=0.25676332252589984;
coefficient10=0.43220919082703446;
