coefficient1=0.9686743217748165;
coefficient2=0.8319577787289597;
coefficient3=0.03447228820129267;
coefficient4=1.9058752810552955;
coefficient5=0.4155287115678652;
coefficient6=7.799845232314665;
coefficient7=2.1338798065306124;
coefficient8=0.5964045853665477;
coefficient9=0.8119330574839102;
coefficient10=0.13000255771231128;
