coefficient1=0.8220189082426471;
coefficient2=0.6475895898144984;
coefficient3=0.29474483853266253;
coefficient4=0.728352639837708;
coefficient5=1.4434917870276718;
coefficient6=6.019897060808085;
coefficient7=0.3002289849496469;
coefficient8=0.7059404496031348;
coefficient9=0.39743502153239485;
coefficient10=0.1332414323820722;
