coefficient1=0.9867959196730021;
coefficient2=0.29153261193723856;
coefficient3=0.8855385238315429;
coefficient4=1.1894097676800632;
coefficient5=0.07196480399221872;
coefficient6=1.9266847156101132;
coefficient7=7.527709693278463;
coefficient8=0.7886274982089417;
coefficient9=0.5396505227129877;
coefficient10=0.5955618306368379;
