coefficient1=0.9549102297509626;
coefficient2=0.00558832973239165;
coefficient3=0.49021179627932276;
coefficient4=1.7420015657118268;
coefficient5=1.6329178613332178;
coefficient6=0.86425028869124;
coefficient7=5.674307613633733;
coefficient8=0.9875705976917507;
coefficient9=0.5736030718538871;
coefficient10=0.9461448715434864;
