coefficient1=0.736592389908538;
coefficient2=0.1988336802509193;
coefficient3=0.9457181535849958;
coefficient4=0.918410706260175;
coefficient5=1.5644805735475584;
coefficient6=7.261137348848661;
coefficient7=4.199693219795739;
coefficient8=0.7324104796157827;
coefficient9=0.5003405166797821;
coefficient10=0.5500707527024267;
