coefficient1=0.5842298631152113;
coefficient2=0.9998803083844917;
coefficient3=0.748318173247552;
coefficient4=1.8304100715818643;
coefficient5=1.9817420027280994;
coefficient6=6.823234121182055;
coefficient7=4.5504884634441245;
coefficient8=0.9980812490138818;
coefficient9=0.6021588662242362;
coefficient10=0.12034037428115507;
