coefficient1=0.8094940502524371;
coefficient2=0.19477783705057894;
coefficient3=0.9061541551191579;
coefficient4=0.23202681628836652;
coefficient5=0.8227360175101972;
coefficient6=0.4948961482848846;
coefficient7=4.43397555777434;
coefficient8=0.369124047746637;
coefficient9=0.13843640692639558;
coefficient10=0.14295519331523432;
