coefficient1=0.009353949611073054;
coefficient2=0.9017883636754265;
coefficient3=0.5491606056598345;
coefficient4=0.0072000390413828885;
coefficient5=1.4873231050299927;
coefficient6=5.418458828117325;
coefficient7=2.6351959559526446;
coefficient8=0.7824106273526549;
coefficient9=0.909420823565954;
coefficient10=0.15547448505943373;
