coefficient1=0.5671291022278264;
coefficient2=0.09601784181893624;
coefficient3=0.8572621940937265;
coefficient4=1.975086838893785;
coefficient5=0.5359648974841815;
coefficient6=3.703104352042555;
coefficient7=5.352733244285662;
coefficient8=0.19420670645460636;
coefficient9=0.734201564142483;
coefficient10=0.8681366867158593;
