coefficient1=0.7105897033585905;
coefficient2=0.11414874853885237;
coefficient3=0.449884205292329;
coefficient4=0.4388629349502571;
coefficient5=1.8394783369669752;
coefficient6=7.150242188603289;
coefficient7=7.973746563737092;
coefficient8=0.2033298849931;
coefficient9=0.6788447100106049;
coefficient10=0.6968340466983769;
