coefficient1=0.33175302215619107;
coefficient2=0.942412673547867;
coefficient3=0.49996956737666753;
coefficient4=1.7414349776849785;
coefficient5=0.697474659142761;
coefficient6=5.650436608647489;
coefficient7=4.962506046979021;
coefficient8=0.8205910471087509;
coefficient9=0.10131025557582696;
coefficient10=0.9165156073558022;
