coefficient1=0.475961368918137;
coefficient2=0.8137699733142896;
coefficient3=0.6214513951339002;
coefficient4=0.5531519366679511;
coefficient5=0.15035510386333706;
coefficient6=3.703819754658798;
coefficient7=1.100347055703021;
coefficient8=0.7932000557614194;
coefficient9=0.9768968248723547;
coefficient10=0.9702597722035835;
