coefficient1=0.6260743128882862;
coefficient2=0.6815209090973096;
coefficient3=0.5264340861527147;
coefficient4=1.340048815531506;
coefficient5=0.6124039331571893;
coefficient6=0.027856667273017166;
coefficient7=6.597987938436689;
coefficient8=0.6996465846232788;
coefficient9=0.3026273123170792;
coefficient10=0.8912657823863585;
