coefficient1=0.8328287610179703;
coefficient2=0.7681192144929522;
coefficient3=0.14566674003770497;
coefficient4=0.29866274906385026;
coefficient5=1.6663265698445808;
coefficient6=1.1724711336214648;
coefficient7=5.322646169224672;
coefficient8=0.12221163341251018;
coefficient9=0.8776446461471574;
coefficient10=0.9083638118373168;
