coefficient1=0.966485036446679;
coefficient2=0.9799685748857768;
coefficient3=0.37348672448034237;
coefficient4=1.485107839411584;
coefficient5=1.5032420729895783;
coefficient6=4.439966175958407;
coefficient7=0.47409589578080613;
coefficient8=0.24591510673967054;
coefficient9=0.09333930859030493;
coefficient10=0.012157108966091235;
