coefficient1=0.1809923628880109;
coefficient2=0.8883685114281008;
coefficient3=0.3361142469333952;
coefficient4=0.5311585182724592;
coefficient5=1.5879782067771737;
coefficient6=0.1380975684828778;
coefficient7=6.467008357611821;
coefficient8=0.013553447139416752;
coefficient9=0.1768105491820251;
coefficient10=0.7027720596130066;
