coefficient1=0.5430470226669804;
coefficient2=0.6838148336577049;
coefficient3=0.8166075626799193;
coefficient4=1.226733459312984;
coefficient5=1.6581826884441786;
coefficient6=3.287049663915913;
coefficient7=4.52878985988132;
coefficient8=0.2536619037877198;
coefficient9=0.28385564926863815;
coefficient10=0.3964044464282924;
