coefficient1=0.7956302425235646;
coefficient2=0.6835580104572705;
coefficient3=0.40315582980538345;
coefficient4=0.3392677033332181;
coefficient5=1.6875880993890693;
coefficient6=2.5579426133773806;
coefficient7=2.3566192467746134;
coefficient8=0.17489022355146988;
coefficient9=0.7811798672628091;
coefficient10=0.22540096710471447;
