coefficient1=0.7853341456021754;
coefficient2=0.015121045324252624;
coefficient3=0.29011343730611105;
coefficient4=1.9849518499275318;
coefficient5=1.9728077628295626;
coefficient6=4.326593259088092;
coefficient7=6.063451412964439;
coefficient8=0.10748672156951466;
coefficient9=0.828965693569512;
coefficient10=0.5757986530357095;
