coefficient1=0.08718141421760417;
coefficient2=0.9162474896360747;
coefficient3=0.40542434270366134;
coefficient4=0.8431240729344152;
coefficient5=0.9778402970594624;
coefficient6=6.968307483992149;
coefficient7=7.765549303631302;
coefficient8=0.2052069824479541;
coefficient9=0.42190487913487884;
coefficient10=0.782747657074806;
