coefficient1=0.29130744221485616;
coefficient2=0.34638207821125444;
coefficient3=0.4038104498071968;
coefficient4=1.0396146234122248;
coefficient5=1.5064970946635308;
coefficient6=0.9451603253832923;
coefficient7=3.2354507927725864;
coefficient8=0.02635626818851955;
coefficient9=0.052191430934752536;
coefficient10=0.6972664585407552;
