coefficient1=0.6082574720789322;
coefficient2=0.3170374228033874;
coefficient3=0.4023410425574232;
coefficient4=0.14668486789223523;
coefficient5=1.346717804387235;
coefficient6=1.0566431282519542;
coefficient7=5.478868030516632;
coefficient8=0.23034561976582713;
coefficient9=0.5468787110805137;
coefficient10=0.5555187368886085;
