coefficient1=0.08001171158713005;
coefficient2=0.22165701905072088;
coefficient3=0.7410179503138564;
coefficient4=1.4640705058004233;
coefficient5=0.5660304220845087;
coefficient6=2.395775267631805;
coefficient7=4.436619636311602;
coefficient8=0.1469857987411708;
coefficient9=0.7304084085579063;
coefficient10=0.907580285000424;
