coefficient1=0.6977922913788407;
coefficient2=0.8176403276917161;
coefficient3=0.5113733845585279;
coefficient4=0.13168428830679524;
coefficient5=1.624580936215301;
coefficient6=5.4640292567163655;
coefficient7=3.6715908270623867;
coefficient8=0.75483979561053;
coefficient9=0.820619394604763;
coefficient10=0.5316775621777671;
