coefficient1=0.0326089276167465;
coefficient2=0.9777775351369533;
coefficient3=0.9429409436535294;
coefficient4=1.6930300967793552;
coefficient5=0.18815633469257054;
coefficient6=1.0768637913727686;
coefficient7=0.07601304597653868;
coefficient8=0.5168389572061222;
coefficient9=0.5907025619968778;
coefficient10=0.7703785712258748;
