coefficient1=0.7952033600848858;
coefficient2=0.9296358229418029;
coefficient3=0.3475151737027514;
coefficient4=1.0919881098593516;
coefficient5=1.879684916513845;
coefficient6=1.2733196012157872;
coefficient7=6.108915055260446;
coefficient8=0.4358592978476973;
coefficient9=0.7643451657912034;
coefficient10=0.7249873713362509;
