coefficient1=0.0784375210133913;
coefficient2=0.0920533939305409;
coefficient3=0.357327961818416;
coefficient4=0.8727149598005242;
coefficient5=1.4823101653995643;
coefficient6=6.080858465158355;
coefficient7=5.5350068994983594;
coefficient8=0.8715887441550685;
coefficient9=0.8240126481412637;
coefficient10=0.6947801524841244;
