coefficient1=0.5665417877474385;
coefficient2=0.004092520858038684;
coefficient3=0.10212482005623125;
coefficient4=0.4705568273523122;
coefficient5=0.6780249700138223;
coefficient6=6.2844162665425145;
coefficient7=7.084125227746597;
coefficient8=0.32662180469907043;
coefficient9=0.7906470561144865;
coefficient10=0.4867144726727881;
