coefficient1=0.33929081543729855;
coefficient2=0.04265067640824827;
coefficient3=0.7670088668081929;
coefficient4=0.6896305179280189;
coefficient5=1.9222420694107514;
coefficient6=1.9421398780383328;
coefficient7=1.339769806106971;
coefficient8=0.9328202236761287;
coefficient9=0.6260977726935798;
coefficient10=0.8598792870628758;
