coefficient1=0.03632340850375948;
coefficient2=0.6909228333652173;
coefficient3=0.6438548012105316;
coefficient4=1.1597832077704728;
coefficient5=0.22146968348802476;
coefficient6=3.2030973686667332;
coefficient7=3.6210885659288303;
coefficient8=0.6728265457484908;
coefficient9=0.7247040640927175;
coefficient10=0.8469091190666204;
