coefficient1=0.1954676199114369;
coefficient2=0.7736110397301925;
coefficient3=0.6110348684305774;
coefficient4=0.6626445491172586;
coefficient5=1.8092241247875591;
coefficient6=5.172570698879182;
coefficient7=2.5294006261592816;
coefficient8=0.8622518036137926;
coefficient9=0.55222978287127;
coefficient10=0.8333177471415933;
