coefficient1=0.9306339434038974;
coefficient2=0.778834963536226;
coefficient3=0.35010841546410343;
coefficient4=1.5312097812179426;
coefficient5=1.081510459531289;
coefficient6=7.00713969608609;
coefficient7=2.900712247602832;
coefficient8=0.44812245750502744;
coefficient9=0.0536117137506692;
coefficient10=0.3888872115583526;
