coefficient1=0.20420873120850347;
coefficient2=0.860885090099372;
coefficient3=0.4598501711909815;
coefficient4=1.0946641885679773;
coefficient5=1.7791859017628833;
coefficient6=2.212585665056535;
coefficient7=6.884346339269497;
coefficient8=0.6479962835130916;
coefficient9=0.2971922819394872;
coefficient10=0.5009851360353896;
