coefficient1=0.9900524820799821;
coefficient2=0.6048340741391837;
coefficient3=0.6091305710754559;
coefficient4=0.21114880438872818;
coefficient5=1.5709184674259524;
coefficient6=4.922142006180199;
coefficient7=0.16155028546602512;
coefficient8=0.8361673668898801;
coefficient9=0.06687615048345763;
coefficient10=0.9980663984137296;
