coefficient1=0.12425070930351767;
coefficient2=0.5554985784281915;
coefficient3=0.6757405206071355;
coefficient4=0.9341894407892859;
coefficient5=1.0139133298091225;
coefficient6=1.72853195671102;
coefficient7=7.3703249379072;
coefficient8=0.9826504661868293;
coefficient9=0.26997060819234076;
coefficient10=0.7205516987637902;
