coefficient1=0.2682754595979632;
coefficient2=0.7932826574537635;
coefficient3=0.4183936755154768;
coefficient4=0.14811060268720078;
coefficient5=0.3626028011150717;
coefficient6=5.330439155390998;
coefficient7=3.982130272306274;
coefficient8=0.5895006308878444;
coefficient9=0.6645021207281648;
coefficient10=0.9047004079856521;
