coefficient1=0.7860152875128033;
coefficient2=0.07747458714496691;
coefficient3=0.7950117709909449;
coefficient4=0.09196147938430554;
coefficient5=0.19848853952678192;
coefficient6=3.4596398534251724;
coefficient7=7.751736089237451;
coefficient8=0.705957998120392;
coefficient9=0.5937069174175521;
coefficient10=0.5042660285172494;
