coefficient1=0.14666887080116342;
coefficient2=0.5930600364584138;
coefficient3=0.546572836351393;
coefficient4=0.9199370981839179;
coefficient5=0.1261809382782062;
coefficient6=2.263903337731108;
coefficient7=1.4088419025543475;
coefficient8=0.8796122288348924;
coefficient9=0.45974580042379876;
coefficient10=0.2513507049678273;
