coefficient1=0.7693066869385855;
coefficient2=0.24815261373974096;
coefficient3=0.5646069089091397;
coefficient4=0.5660587190453252;
coefficient5=1.6192552965285032;
coefficient6=6.303028523318451;
coefficient7=1.4973504536814097;
coefficient8=0.3783626239744461;
coefficient9=0.2182832926886329;
coefficient10=0.06159846745581399;
