coefficient1=0.18214113822187195;
coefficient2=0.25418330250841226;
coefficient3=0.01705864988023953;
coefficient4=1.0169040193114276;
coefficient5=1.1417020345894153;
coefficient6=4.744434258787651;
coefficient7=1.9503520842875055;
coefficient8=0.03177617551309653;
coefficient9=0.7855753591978882;
coefficient10=0.5824317668004323;
