coefficient1=0.42239077527675306;
coefficient2=0.11154583725625167;
coefficient3=0.5300040831806779;
coefficient4=0.38444966274311665;
coefficient5=1.1876756204373782;
coefficient6=1.1081303210749223;
coefficient7=0.6134231208415262;
coefficient8=0.7326814730064404;
coefficient9=0.2859599530670396;
coefficient10=0.137385853281891;
