coefficient1=0.8397068849529115;
coefficient2=0.6314735929642056;
coefficient3=0.4794067578211715;
coefficient4=0.6796125679222025;
coefficient5=0.2824864635002875;
coefficient6=0.46240172020570025;
coefficient7=4.477084142331447;
coefficient8=0.6111414694253435;
coefficient9=0.6726771584787852;
coefficient10=0.15311202302657123;
