coefficient1=0.850922601098395;
coefficient2=0.9725211771832925;
coefficient3=0.8746941088959767;
coefficient4=0.6736750574325501;
coefficient5=0.19666975612720927;
coefficient6=3.697302983793457;
coefficient7=5.727612402644563;
coefficient8=0.7955759791233462;
coefficient9=0.4567225879323016;
coefficient10=0.5124940200899775;
