coefficient1=0.05226696095280181;
coefficient2=0.836119975566788;
coefficient3=0.7452811674982851;
coefficient4=1.25287884595436;
coefficient5=0.15807684097789054;
coefficient6=1.6373771944798978;
coefficient7=7.599278732102693;
coefficient8=0.5741117927357954;
coefficient9=0.7477623099551706;
coefficient10=0.8140256314491517;
