coefficient1=0.680756737680948;
coefficient2=0.08849521400791405;
coefficient3=0.3296564607038448;
coefficient4=0.08815777465422814;
coefficient5=0.8979371030529928;
coefficient6=3.7260150096869147;
coefficient7=5.705308373009429;
coefficient8=0.20981059760210974;
coefficient9=0.43605005939887953;
coefficient10=0.7364770471278687;
