coefficient1=0.27101212796891516;
coefficient2=0.543349094177827;
coefficient3=0.9158779558328379;
coefficient4=1.4985043480820432;
coefficient5=0.8000714879711313;
coefficient6=7.789804687694465;
coefficient7=6.883137157768241;
coefficient8=0.7011485615231202;
coefficient9=0.025209922830253917;
coefficient10=0.9541702068116223;
