coefficient1=0.4110029122621941;
coefficient2=0.4312405940076637;
coefficient3=0.46776808952159377;
coefficient4=1.070368191505957;
coefficient5=1.186960233385779;
coefficient6=2.5202628871901895;
coefficient7=4.759755831852354;
coefficient8=0.7752755017401392;
coefficient9=0.363241170091538;
coefficient10=0.11565826995641881;
