coefficient1=0.8383322604115514;
coefficient2=0.783780295974603;
coefficient3=0.42055299632892906;
coefficient4=0.15121582185042315;
coefficient5=1.5098165002842787;
coefficient6=7.0906801322757325;
coefficient7=3.3084446656920017;
coefficient8=0.46304803193126276;
coefficient9=0.5760723625018435;
coefficient10=0.6965795538335214;
