coefficient1=0.17052371365442942;
coefficient2=0.7212013784396774;
coefficient3=0.4954233679466412;
coefficient4=1.002912602178022;
coefficient5=0.30301562112732205;
coefficient6=0.9723031414714214;
coefficient7=1.4515564565807093;
coefficient8=0.7535002974458404;
coefficient9=0.23429859903886963;
coefficient10=0.14221430591955153;
