coefficient1=0.005828552944611487;
coefficient2=0.8883531504832155;
coefficient3=0.7225244382320609;
coefficient4=1.7981359665305452;
coefficient5=0.31236067006594426;
coefficient6=7.724070409928783;
coefficient7=2.0135547511376197;
coefficient8=0.7337970725184568;
coefficient9=0.9680682047044572;
coefficient10=0.4684674469315778;
