coefficient1=0.4574365303622093;
coefficient2=0.6437832070979703;
coefficient3=0.06839350586060777;
coefficient4=1.5375172094961256;
coefficient5=1.8866631128178872;
coefficient6=5.6219778319833384;
coefficient7=7.215664604699635;
coefficient8=0.3117360636826966;
coefficient9=0.727397905156464;
coefficient10=0.8007884248362327;
