coefficient1=0.7538068207245534;
coefficient2=0.7860186507834499;
coefficient3=0.22503381599380268;
coefficient4=0.19425972708059214;
coefficient5=0.44349895881133716;
coefficient6=1.7418698243323636;
coefficient7=4.957695308097816;
coefficient8=0.8714077272256805;
coefficient9=0.45207433036114486;
coefficient10=0.9937935812809758;
