coefficient1=0.7104181438332888;
coefficient2=0.357771266678528;
coefficient3=0.19467515079191033;
coefficient4=0.701659971111039;
coefficient5=0.10618271984435523;
coefficient6=0.37787640953319634;
coefficient7=1.9369494258014983;
coefficient8=0.04544082306964814;
coefficient9=0.8852509980641466;
coefficient10=0.08982321618794475;
