coefficient1=0.8964754997319594;
coefficient2=0.6388210333240738;
coefficient3=0.8168109635550962;
coefficient4=0.9339526809670526;
coefficient5=1.4277536781854145;
coefficient6=3.8626120235611214;
coefficient7=4.95841618239329;
coefficient8=0.7918749736548624;
coefficient9=0.411411020738754;
coefficient10=0.7136511410370865;
