coefficient1=0.9076964105571702;
coefficient2=0.201533340183647;
coefficient3=0.6331474506075857;
coefficient4=0.3876979121722717;
coefficient5=0.19402274107954054;
coefficient6=1.74185157806465;
coefficient7=1.9978653322186686;
coefficient8=0.9143195632553415;
coefficient9=0.30623999431798243;
coefficient10=0.4664867918037481;
