coefficient1=0.07238824965498147;
coefficient2=0.8565792901789265;
coefficient3=0.8878218651514195;
coefficient4=0.36128829987821254;
coefficient5=1.6361772468145406;
coefficient6=5.6520109793949755;
coefficient7=4.470603189466155;
coefficient8=0.130172488623582;
coefficient9=0.7301742515213864;
coefficient10=0.3060895968112042;
