coefficient1=0.8218428605464311;
coefficient2=0.6376594681757505;
coefficient3=0.08742536622819752;
coefficient4=1.8005785711885807;
coefficient5=1.9603495084519653;
coefficient6=7.029266273510098;
coefficient7=2.3283454595413184;
coefficient8=0.20779159011894366;
coefficient9=0.05693284231172924;
coefficient10=0.6602124554824494;
