coefficient1=0.8457969372900774;
coefficient2=0.4019565979429507;
coefficient3=0.5760022624923837;
coefficient4=1.4894400887897215;
coefficient5=1.0623904910613875;
coefficient6=2.27043511081198;
coefficient7=2.4541315226932783;
coefficient8=0.39101864584896084;
coefficient9=0.2611669384917443;
coefficient10=0.3565910398949912;
