coefficient1=0.49677274173749664;
coefficient2=0.6695944720716717;
coefficient3=0.5406259144058421;
coefficient4=1.271963840855298;
coefficient5=0.7207663597260765;
coefficient6=7.291487605782461;
coefficient7=6.585634255445711;
coefficient8=0.6767490318989715;
coefficient9=0.16835930889222117;
coefficient10=0.40931185318716756;
