coefficient1=0.9728751585140051;
coefficient2=0.6299551350853735;
coefficient3=0.142293892663648;
coefficient4=0.15060438789411723;
coefficient5=0.6312352048510212;
coefficient6=3.245360925846769;
coefficient7=3.3658119209388735;
coefficient8=0.30445707553992774;
coefficient9=0.029775782240469617;
coefficient10=0.1563374156483902;
