coefficient1=0.1768593393158352;
coefficient2=0.16856835067405296;
coefficient3=0.5277143846779664;
coefficient4=1.2313024538458848;
coefficient5=0.88973367501828;
coefficient6=5.179322350253442;
coefficient7=3.6827772123867506;
coefficient8=0.15704857399081995;
coefficient9=0.2872092910301898;
coefficient10=0.7985477293268745;
