coefficient1=0.0731419098580135;
coefficient2=0.33836028796267104;
coefficient3=0.5200234094944426;
coefficient4=1.471017962286056;
coefficient5=1.9283028926137833;
coefficient6=7.823937826460983;
coefficient7=2.7345144710246094;
coefficient8=0.5948816335731774;
coefficient9=0.46881485541873036;
coefficient10=0.3298463653157371;
