coefficient1=0.8594207064415915;
coefficient2=0.9150299139620804;
coefficient3=0.007187471549762736;
coefficient4=0.41932718640166655;
coefficient5=0.8639119544025735;
coefficient6=3.768821566214208;
coefficient7=1.3391117850749383;
coefficient8=0.8744331304479962;
coefficient9=0.3087346743227507;
coefficient10=0.5098469399719034;
