coefficient1=0.764073523383157;
coefficient2=0.28052957489819075;
coefficient3=0.7784791725239399;
coefficient4=1.0750311413441356;
coefficient5=0.45213987471087225;
coefficient6=4.0997845600359355;
coefficient7=3.341793041849213;
coefficient8=0.9920830439618533;
coefficient9=0.4276958339045097;
coefficient10=0.7580663745843063;
