coefficient1=0.5750246641959088;
coefficient2=0.6818518449361396;
coefficient3=0.6427220092924646;
coefficient4=1.4439794073716752;
coefficient5=0.5587022179733674;
coefficient6=3.126092180781516;
coefficient7=4.213459667103538;
coefficient8=0.6436866342691969;
coefficient9=0.2460146039532246;
coefficient10=0.14609119262380943;
