coefficient1=0.4255688140837215;
coefficient2=0.682229050717638;
coefficient3=0.39785288949670716;
coefficient4=0.6830113544325518;
coefficient5=0.6507834358289746;
coefficient6=3.666698505746287;
coefficient7=5.938983074348798;
coefficient8=0.8404954311639674;
coefficient9=0.9093558876246641;
coefficient10=0.08476328192437776;
