coefficient1=0.48544129288799864;
coefficient2=0.8524184182020493;
coefficient3=0.32059208244687143;
coefficient4=0.7351944888802087;
coefficient5=0.9660364773832482;
coefficient6=2.8764359199824154;
coefficient7=4.799228093127572;
coefficient8=0.04403998753382832;
coefficient9=0.8848307132756766;
coefficient10=0.1799280832506921;
