coefficient1=0.6966050073843952;
coefficient2=0.16930931870079613;
coefficient3=0.8871222799208224;
coefficient4=0.858229449715334;
coefficient5=0.514252833680209;
coefficient6=0.36454486769362493;
coefficient7=2.5359963087739343;
coefficient8=0.05667556444228472;
coefficient9=0.41235215984968276;
coefficient10=0.9389489454712275;
