coefficient1=0.6595842129075138;
coefficient2=0.9848249573442298;
coefficient3=0.24031589114666752;
coefficient4=0.09915657150292345;
coefficient5=1.0026240144886205;
coefficient6=4.741823010294479;
coefficient7=7.8203088687149265;
coefficient8=0.017962188426678738;
coefficient9=0.637145464204267;
coefficient10=0.6596564261477116;
