coefficient1=0.9152666782417815;
coefficient2=0.2166577141778182;
coefficient3=0.31208573563513087;
coefficient4=0.7122553240305762;
coefficient5=1.6742980498200057;
coefficient6=2.8608156173431487;
coefficient7=3.77786452234135;
coefficient8=0.588776770494856;
coefficient9=0.8839364974921672;
coefficient10=0.6218170931361606;
