coefficient1=0.5748076483905238;
coefficient2=0.8582109880039253;
coefficient3=0.47499216564828906;
coefficient4=0.25123621027749055;
coefficient5=0.8948871855650968;
coefficient6=0.8802842794563253;
coefficient7=3.1197355988205464;
coefficient8=0.519333533363248;
coefficient9=0.6914645559570893;
coefficient10=0.05667515787889632;
