coefficient1=0.46270180801532723;
coefficient2=0.4377072242363079;
coefficient3=0.9215503295485079;
coefficient4=1.622739926463792;
coefficient5=0.6683400580219552;
coefficient6=3.457305860982369;
coefficient7=2.147487407892136;
coefficient8=0.752322348681678;
coefficient9=0.6232613767631421;
coefficient10=0.10385985553121113;
