coefficient1=0.2404165772768423;
coefficient2=0.3443547472118951;
coefficient3=0.6999005637559524;
coefficient4=1.6040721289307884;
coefficient5=0.8384229456011414;
coefficient6=0.21603102056043255;
coefficient7=0.8551855267334618;
coefficient8=0.39366614335364025;
coefficient9=0.03847917086041586;
coefficient10=0.5373534209335242;
