coefficient1=0.40733508543182684;
coefficient2=0.11485355888293514;
coefficient3=0.6113926523095246;
coefficient4=1.8960920031007653;
coefficient5=0.04370536730761154;
coefficient6=2.568290102504754;
coefficient7=5.756671987846254;
coefficient8=0.12013331532703941;
coefficient9=0.4136377556541039;
coefficient10=0.3693377909032962;
