coefficient1=0.9628768889084743;
coefficient2=0.83551930251678;
coefficient3=0.3298418603559411;
coefficient4=1.9685670356718576;
coefficient5=0.4269548854815115;
coefficient6=4.63904752583153;
coefficient7=5.676154232274775;
coefficient8=0.8136797408489465;
coefficient9=0.7614904516737959;
coefficient10=0.10265777988404512;
