coefficient1=0.42264711874055205;
coefficient2=0.3568619483965927;
coefficient3=0.8795241572998886;
coefficient4=1.4082275344770232;
coefficient5=1.030663686968977;
coefficient6=6.01610595096389;
coefficient7=2.758637268159191;
coefficient8=0.7338614199933974;
coefficient9=0.32893070111023226;
coefficient10=0.9737502252086381;
