coefficient1=0.2363859464398277;
coefficient2=0.5102696432935645;
coefficient3=0.8955821469340433;
coefficient4=1.3308217601323014;
coefficient5=0.8324074166492204;
coefficient6=5.031101996307807;
coefficient7=7.098936251297738;
coefficient8=0.2804972423712937;
coefficient9=0.8598198271954788;
coefficient10=0.11548195788281201;
