coefficient1=0.2905274331381129;
coefficient2=0.04964948760187038;
coefficient3=0.4083061015042022;
coefficient4=0.5589476973570022;
coefficient5=1.323450702085782;
coefficient6=4.351853379918382;
coefficient7=3.9819833122468706;
coefficient8=0.21213746052843996;
coefficient9=0.26178123339112913;
coefficient10=0.12086777526368553;
