coefficient1=0.43332166398516925;
coefficient2=0.584276331162526;
coefficient3=0.5691099304579726;
coefficient4=1.7537915671485211;
coefficient5=0.0923788998897932;
coefficient6=0.17682289824288233;
coefficient7=4.4428611887456935;
coefficient8=0.929545214264018;
coefficient9=0.10348598437594614;
coefficient10=0.15822402940594227;
