coefficient1=0.453555696392422;
coefficient2=0.0811156381738316;
coefficient3=0.10807015838049183;
coefficient4=1.5215516191982181;
coefficient5=0.7618383440948535;
coefficient6=0.8357906893282641;
coefficient7=5.933006917334687;
coefficient8=0.7731917298859072;
coefficient9=0.9493605406332023;
coefficient10=0.22764822864441425;
