coefficient1=0.15876993380780302;
coefficient2=0.711122528642013;
coefficient3=0.8761668914648324;
coefficient4=0.6896921331631385;
coefficient5=1.4761398818926095;
coefficient6=4.708297738808951;
coefficient7=5.479309023196928;
coefficient8=0.3141483463869037;
coefficient9=0.8520035970072064;
coefficient10=0.2766048694393003;
