coefficient1=0.2655638977491367;
coefficient2=0.46104550080511497;
coefficient3=0.783567375030374;
coefficient4=1.2718227861783564;
coefficient5=1.298171272274226;
coefficient6=5.116423400568135;
coefficient7=3.168297724495777;
coefficient8=0.5805562252943898;
coefficient9=0.6614167768938253;
coefficient10=0.3751676846867491;
