coefficient1=0.14438324873334685;
coefficient2=0.7782419860679929;
coefficient3=0.466439967267395;
coefficient4=1.9164852373618675;
coefficient5=0.13025251358315337;
coefficient6=2.3817208698767516;
coefficient7=0.36426612024152405;
coefficient8=0.27238502394001396;
coefficient9=0.2489887888726865;
coefficient10=0.26679410832989325;
