coefficient1=0.9333651440780271;
coefficient2=0.7136168350485308;
coefficient3=0.17802119498109148;
coefficient4=0.3375328974280698;
coefficient5=0.013814322226328057;
coefficient6=4.885935385749452;
coefficient7=5.9229592344114055;
coefficient8=0.47616382735443363;
coefficient9=0.5546883516111836;
coefficient10=0.7395928135932518;
