coefficient1=0.4296169237045342;
coefficient2=0.6740820397638869;
coefficient3=0.7319788051385602;
coefficient4=0.25905852301799337;
coefficient5=1.411535856663576;
coefficient6=0.46266816420760826;
coefficient7=0.6310106100619537;
coefficient8=0.3575506005291673;
coefficient9=0.7801245300452404;
coefficient10=0.37432274471181437;
