coefficient1=0.10006489811083952;
coefficient2=0.42240416657073665;
coefficient3=0.5840565008758132;
coefficient4=0.26699433506288406;
coefficient5=1.154988051897567;
coefficient6=1.2249888147076682;
coefficient7=0.6442362424967643;
coefficient8=0.5717569568740214;
coefficient9=0.7253848091223111;
coefficient10=0.7681662887053504;
