coefficient1=0.44717148599603795;
coefficient2=0.13751867990265043;
coefficient3=0.13878358898006005;
coefficient4=1.21489579046608;
coefficient5=0.9531692325541783;
coefficient6=7.485008721899251;
coefficient7=6.604285956224863;
coefficient8=0.8419549240210163;
coefficient9=0.640418489446522;
coefficient10=0.9098788192073539;
