coefficient1=0.9109408627449548;
coefficient2=0.9084059272009976;
coefficient3=0.684513627430238;
coefficient4=1.2683840353859703;
coefficient5=0.1779641741323379;
coefficient6=1.8907461335414455;
coefficient7=0.4876292624888423;
coefficient8=0.9911825633233472;
coefficient9=0.9358644456744513;
coefficient10=0.16233738861846025;
