coefficient1=0.7097895979034682;
coefficient2=0.2656651975836466;
coefficient3=0.044546968392138786;
coefficient4=1.3924734306710906;
coefficient5=0.8692369966790905;
coefficient6=6.358325666359133;
coefficient7=5.542633081004774;
coefficient8=0.8366109433308166;
coefficient9=0.6830718327905797;
coefficient10=0.2586292770879639;
