coefficient1=0.09740533192974754;
coefficient2=0.2167022216239577;
coefficient3=0.02030540249902668;
coefficient4=1.5416271825573216;
coefficient5=0.07205340315884867;
coefficient6=5.656577757336912;
coefficient7=3.910182048445555;
coefficient8=0.31321529325966635;
coefficient9=0.014594504549645726;
coefficient10=0.6488262811122222;
