coefficient1=0.3285286397802616;
coefficient2=0.7759927598154176;
coefficient3=0.5267393166604458;
coefficient4=0.2841118818467816;
coefficient5=0.1081365050576033;
coefficient6=1.1102036112692382;
coefficient7=5.651193245588337;
coefficient8=0.8871726322159246;
coefficient9=0.1996513211074814;
coefficient10=0.9138142025441335;
