coefficient1=0.9839440305060358;
coefficient2=0.35193021908891076;
coefficient3=0.1369234797754052;
coefficient4=1.8932336918277746;
coefficient5=1.7411553515556817;
coefficient6=3.1795706475656287;
coefficient7=5.031810143654993;
coefficient8=0.9602274105569621;
coefficient9=0.9584750939838523;
coefficient10=0.6265682161501794;
