coefficient1=0.9917103686416169;
coefficient2=0.36728661015223163;
coefficient3=0.6417237637402016;
coefficient4=1.7635111938407004;
coefficient5=0.2177783745374502;
coefficient6=0.8199347647404274;
coefficient7=1.1088493431168978;
coefficient8=0.2811836448619971;
coefficient9=0.8909202303803427;
coefficient10=0.8155152367617996;
