coefficient1=0.42737589042602075;
coefficient2=0.8182229538763081;
coefficient3=0.8265725059260388;
coefficient4=0.6448915453431392;
coefficient5=1.1865801432330405;
coefficient6=4.941856336348217;
coefficient7=6.954882431400093;
coefficient8=0.1278406647915975;
coefficient9=0.21955455731320106;
coefficient10=0.5124318347082819;
