coefficient1=0.14817447095869085;
coefficient2=0.896019339663427;
coefficient3=0.7662877253814083;
coefficient4=1.33057345866486;
coefficient5=1.235875524809084;
coefficient6=3.094224977557272;
coefficient7=3.142176102321679;
coefficient8=0.32206498218613244;
coefficient9=0.3885060224275173;
coefficient10=0.5961802128623696;
