coefficient1=0.6453095119164782;
coefficient2=0.47499048589579573;
coefficient3=0.7103897922833363;
coefficient4=1.5087691902893918;
coefficient5=1.6515720643078298;
coefficient6=7.4879520601868075;
coefficient7=1.844062480557243;
coefficient8=0.4706288576579407;
coefficient9=0.1324449592764525;
coefficient10=0.4352441390355244;
