coefficient1=0.19116587187779288;
coefficient2=0.24439860942691527;
coefficient3=0.4087330160258613;
coefficient4=0.743843784187006;
coefficient5=0.3347971640730847;
coefficient6=5.411819816635184;
coefficient7=4.3406489145769305;
coefficient8=0.06531250080057238;
coefficient9=0.9518386619830997;
coefficient10=0.7180253712110961;
