coefficient1=0.5441508865709553;
coefficient2=0.6042963689517747;
coefficient3=0.9560053474350567;
coefficient4=1.6103436973099499;
coefficient5=1.5792014362650737;
coefficient6=5.449274264637893;
coefficient7=4.007108794479061;
coefficient8=0.2121450684224574;
coefficient9=0.3186486467396954;
coefficient10=0.6218808445857374;
