coefficient1=0.40332450458694324;
coefficient2=0.9648137258250103;
coefficient3=0.9105135520084481;
coefficient4=0.32202810395855264;
coefficient5=1.0163235773655968;
coefficient6=7.385363767485728;
coefficient7=4.801841978288241;
coefficient8=0.10969985225322731;
coefficient9=0.5587606558113893;
coefficient10=0.7671667715229273;
