coefficient1=0.6871852938475149;
coefficient2=0.991041043239568;
coefficient3=0.9248959230859767;
coefficient4=0.41010231631694216;
coefficient5=1.0963431909025785;
coefficient6=5.810950328443927;
coefficient7=7.4176902867946835;
coefficient8=0.4259586841000256;
coefficient9=0.8521588485689046;
coefficient10=0.37496405882538575;
