coefficient1=0.41286707455168814;
coefficient2=0.40086001579446295;
coefficient3=0.11885074315085031;
coefficient4=1.7267856970279662;
coefficient5=1.20496932313298;
coefficient6=5.967839895746902;
coefficient7=5.471160566113959;
coefficient8=0.4337177387776836;
coefficient9=0.0068102506854688105;
coefficient10=0.19873442323461254;
