coefficient1=0.8475091831388022;
coefficient2=0.48000881715497057;
coefficient3=0.9591751143462909;
coefficient4=1.5750748101551155;
coefficient5=0.6852350152292481;
coefficient6=1.6229183523294886;
coefficient7=2.3627978911806853;
coefficient8=0.7180580860654732;
coefficient9=0.5963844566576753;
coefficient10=0.8910344154318662;
