coefficient1=0.9792917932366381;
coefficient2=0.6337425254043091;
coefficient3=0.9003581605580858;
coefficient4=0.10850230800700311;
coefficient5=1.2908356116705826;
coefficient6=2.097102532618056;
coefficient7=3.998336620594328;
coefficient8=0.33635103457695803;
coefficient9=0.6462228706639463;
coefficient10=0.42256635151590594;
