coefficient1=0.15529491653040683;
coefficient2=0.4653894771641538;
coefficient3=0.06455171899345247;
coefficient4=0.4460999946548039;
coefficient5=1.1255424757455996;
coefficient6=5.986296720745578;
coefficient7=2.4071187305804047;
coefficient8=0.1082371529052577;
coefficient9=0.15846817238183908;
coefficient10=0.20413696258070213;
