coefficient1=0.9166304565782576;
coefficient2=0.18027953380367145;
coefficient3=0.19773942265274713;
coefficient4=0.7761285419423325;
coefficient5=0.015672281853754244;
coefficient6=5.279957307026459;
coefficient7=3.032225349608199;
coefficient8=0.5169781852096863;
coefficient9=0.0608481653312033;
coefficient10=0.8584972292137757;
