coefficient1=0.5915319598793417;
coefficient2=0.7691222188788642;
coefficient3=0.9697921827452621;
coefficient4=0.2355203323558248;
coefficient5=0.1974979061703135;
coefficient6=6.473729299744026;
coefficient7=6.044820702905293;
coefficient8=0.07818579412147408;
coefficient9=0.31819223055706913;
coefficient10=0.5503792108376182;
