coefficient1=0.7226230981208005;
coefficient2=0.6473510728706858;
coefficient3=0.08542555782296679;
coefficient4=0.8190177494033977;
coefficient5=0.12081777708407371;
coefficient6=5.522458756071475;
coefficient7=3.4467421587499567;
coefficient8=0.018549317880812932;
coefficient9=0.20928687481523478;
coefficient10=0.9885657280194757;
