coefficient1=0.4407570480105053;
coefficient2=0.5785886737006494;
coefficient3=0.8358515580162751;
coefficient4=0.8945904476518591;
coefficient5=0.35485797719642886;
coefficient6=7.781411431681829;
coefficient7=1.4130213548961574;
coefficient8=0.8905256052654436;
coefficient9=0.6982686238330506;
coefficient10=0.3848424509363436;
