coefficient1=0.6855745776556966;
coefficient2=0.4985906015678835;
coefficient3=0.46485247940327834;
coefficient4=0.3578416983257844;
coefficient5=1.0191728834728477;
coefficient6=7.352074414229033;
coefficient7=3.5649581249777116;
coefficient8=0.29593726084457317;
coefficient9=0.6320445729876191;
coefficient10=0.27114293529368927;
