coefficient1=0.8584123463915065;
coefficient2=0.42651065794149023;
coefficient3=0.9825864539606407;
coefficient4=1.9140924615739359;
coefficient5=0.04748094161944305;
coefficient6=1.4260824438451385;
coefficient7=0.8507830941879586;
coefficient8=0.642068155446764;
coefficient9=0.2399197274034932;
coefficient10=0.06990889939674783;
