coefficient1=0.9096676468200257;
coefficient2=0.7103645421724535;
coefficient3=0.6289471103048071;
coefficient4=1.7619899684546243;
coefficient5=0.19272025491234923;
coefficient6=6.229643085630745;
coefficient7=1.5894632351237812;
coefficient8=0.23153012311922738;
coefficient9=0.10491032028955682;
coefficient10=0.07431951283169447;
