coefficient1=0.0072149352919320675;
coefficient2=0.5931703516743828;
coefficient3=0.7700966008093575;
coefficient4=0.16632902730162558;
coefficient5=0.23974712740420534;
coefficient6=3.3847540229140103;
coefficient7=2.8740357555901337;
coefficient8=0.7619944167829682;
coefficient9=0.9325563273104988;
coefficient10=0.6495083830758024;
