coefficient1=0.11244413231997763;
coefficient2=0.10762231251933152;
coefficient3=0.2491666949643142;
coefficient4=0.1931540107267724;
coefficient5=1.0025593800342538;
coefficient6=3.0980355477716888;
coefficient7=7.3493818438377225;
coefficient8=0.8897612419163772;
coefficient9=0.08344859139866345;
coefficient10=0.9483088934412717;
