coefficient1=0.4944959637504792;
coefficient2=0.6517906729640767;
coefficient3=0.3950621449852054;
coefficient4=1.6941297809106262;
coefficient5=1.6378308485752324;
coefficient6=2.897925204196489;
coefficient7=5.453979621945158;
coefficient8=0.18563999420361432;
coefficient9=0.3196315211072378;
coefficient10=0.14285549712234547;
