coefficient1=0.8814064487799923;
coefficient2=0.8680683980525644;
coefficient3=0.029615702544973033;
coefficient4=0.02638904720907198;
coefficient5=0.5770861206278244;
coefficient6=3.941778418613989;
coefficient7=0.6465061897033779;
coefficient8=0.5423911434192745;
coefficient9=0.5003454467708268;
coefficient10=0.6606314826790105;
