coefficient1=0.21694436411230456;
coefficient2=0.23061596236305404;
coefficient3=0.9096944012310786;
coefficient4=0.5635825235084024;
coefficient5=1.5288445413786382;
coefficient6=2.4969801284617876;
coefficient7=2.042183775232423;
coefficient8=0.2481680156441376;
coefficient9=0.3990147553801161;
coefficient10=0.31228791280786905;
