coefficient1=0.1436084032918774;
coefficient2=0.9784056019762838;
coefficient3=0.03660867231568221;
coefficient4=1.394513051599615;
coefficient5=0.8993439478632057;
coefficient6=5.737513576565532;
coefficient7=0.9791293367944025;
coefficient8=0.798055723934351;
coefficient9=0.8802239207758047;
coefficient10=0.3893947490726084;
