coefficient1=0.6797563517356148;
coefficient2=0.9208331567597972;
coefficient3=0.8379572984183215;
coefficient4=0.7835732975582952;
coefficient5=0.6134024126609776;
coefficient6=2.374419657807521;
coefficient7=3.6129282450570246;
coefficient8=0.5272630256920539;
coefficient9=0.6759238079585795;
coefficient10=0.3212179633283375;
