coefficient1=0.7698385778580609;
coefficient2=0.7919112985055353;
coefficient3=0.3764187518949018;
coefficient4=0.5286664942820702;
coefficient5=1.7070935604332196;
coefficient6=6.582413104672362;
coefficient7=4.094992637726711;
coefficient8=0.6090385235984214;
coefficient9=0.6779648570956066;
coefficient10=0.05270732391456057;
