coefficient1=0.6876619100608349;
coefficient2=0.13965154388206147;
coefficient3=0.8501840942782466;
coefficient4=1.1278082264083495;
coefficient5=0.1731606509346555;
coefficient6=7.9872384045094895;
coefficient7=0.6959659112151027;
coefficient8=0.20884095272041892;
coefficient9=0.19578762044751452;
coefficient10=0.17211863597768629;
