coefficient1=0.5974252992696683;
coefficient2=0.10373280804454188;
coefficient3=0.5193912409405386;
coefficient4=0.5989923141224722;
coefficient5=0.4159158767957467;
coefficient6=2.8109187789128454;
coefficient7=7.466283070014323;
coefficient8=0.5163850029309585;
coefficient9=0.48131116796967877;
coefficient10=0.6760485060143301;
