coefficient1=0.7488356055413072;
coefficient2=0.3026473307665297;
coefficient3=0.01420215382536405;
coefficient4=0.8428868924357278;
coefficient5=1.271345085615204;
coefficient6=4.38329564196121;
coefficient7=3.514493027192053;
coefficient8=0.4010426139667784;
coefficient9=0.5182548763779119;
coefficient10=0.6377996130530477;
