coefficient1=0.8241703262327398;
coefficient2=0.8546798936866314;
coefficient3=0.9046526134167516;
coefficient4=1.4014033163447541;
coefficient5=0.8826541554099334;
coefficient6=0.9994253949564911;
coefficient7=3.1968782056327987;
coefficient8=0.02127256997787208;
coefficient9=0.9924668545673534;
coefficient10=0.24369448681268047;
