coefficient1=0.14944512595354253;
coefficient2=0.2413824936604877;
coefficient3=0.7627358552684207;
coefficient4=0.786819457648577;
coefficient5=1.340896556129263;
coefficient6=4.766194266778974;
coefficient7=5.829869451590209;
coefficient8=0.5710008291507545;
coefficient9=0.543713771977282;
coefficient10=0.31432740378230406;
