coefficient1=0.9262303206069954;
coefficient2=0.18428104102610843;
coefficient3=0.23035489614760618;
coefficient4=0.43184674154747205;
coefficient5=1.3125122477994537;
coefficient6=5.783024244787193;
coefficient7=6.619292165871399;
coefficient8=0.9765581166705364;
coefficient9=0.2875064066011497;
coefficient10=0.48268269314375867;
