coefficient1=0.9214072243192226;
coefficient2=0.9044843368444382;
coefficient3=0.7841238200749531;
coefficient4=1.307131152563409;
coefficient5=0.7521686866368376;
coefficient6=1.9693170169489953;
coefficient7=5.249220179463728;
coefficient8=0.385055747455349;
coefficient9=0.9454659798055933;
coefficient10=0.270771633436121;
