coefficient1=0.9935853346245463;
coefficient2=0.5572908542796302;
coefficient3=0.5454320107934202;
coefficient4=0.6275764969010948;
coefficient5=0.017029638800748703;
coefficient6=6.796348869823893;
coefficient7=5.006768152658084;
coefficient8=0.9818586239866082;
coefficient9=0.09385117547004074;
coefficient10=0.7175112352005877;
