coefficient1=0.708779287472382;
coefficient2=0.41180293636449394;
coefficient3=0.39857273016089556;
coefficient4=0.5401880912240791;
coefficient5=0.6106057907342319;
coefficient6=5.71369007027062;
coefficient7=5.253445683285;
coefficient8=0.9681087668444526;
coefficient9=0.23733016358867642;
coefficient10=0.5830363289303341;
