coefficient1=0.6139583277481298;
coefficient2=0.9254694229160433;
coefficient3=0.9178704162185625;
coefficient4=1.694530877398911;
coefficient5=1.2734494603012072;
coefficient6=0.8790299252070426;
coefficient7=4.729223245574633;
coefficient8=0.8675152092799959;
coefficient9=0.04717103701457004;
coefficient10=0.8749505835512733;
