coefficient1=0.13192399748352213;
coefficient2=0.44186732836618825;
coefficient3=0.5084421349880411;
coefficient4=0.6957828974077593;
coefficient5=1.6957311054040756;
coefficient6=6.228666198305587;
coefficient7=2.112782418479491;
coefficient8=0.794438939972739;
coefficient9=0.7713080835664845;
coefficient10=0.2932127665731782;
