coefficient1=0.8401108113453759;
coefficient2=0.19013955709156938;
coefficient3=0.9501624916778205;
coefficient4=0.5470979254641484;
coefficient5=0.06762386165992473;
coefficient6=7.285858968156865;
coefficient7=1.9636996056392748;
coefficient8=0.18201388148057607;
coefficient9=0.11404240933532683;
coefficient10=0.42182750413018477;
