coefficient1=0.13476193611033405;
coefficient2=0.09002741612904364;
coefficient3=0.4320973385961997;
coefficient4=1.0198510876382014;
coefficient5=1.4686551956607377;
coefficient6=1.6222636411088738;
coefficient7=2.280198981011133;
coefficient8=0.8838741435510427;
coefficient9=0.07507809576425206;
coefficient10=0.49187519222631415;
