coefficient1=0.2978135007952323;
coefficient2=0.7786853161830828;
coefficient3=0.7553485772398433;
coefficient4=0.11506589982877324;
coefficient5=1.3044911564958;
coefficient6=2.151585855337774;
coefficient7=2.573984204779558;
coefficient8=0.45664789633572433;
coefficient9=0.2955011907808044;
coefficient10=0.3101840888474843;
