coefficient1=0.11078432146864692;
coefficient2=0.9014000621901133;
coefficient3=0.8141763026109137;
coefficient4=0.010028114446073433;
coefficient5=0.1568474214684088;
coefficient6=6.903230846809635;
coefficient7=2.589427363675286;
coefficient8=0.5608750184384769;
coefficient9=0.6415014019772423;
coefficient10=0.3713447340498456;
