coefficient1=0.6608621670875959;
coefficient2=0.5993597714846267;
coefficient3=0.068766194464979;
coefficient4=1.4398786905697516;
coefficient5=0.6912787930853259;
coefficient6=7.405847558871309;
coefficient7=1.5386781099202347;
coefficient8=0.7922047879897859;
coefficient9=0.8200423812030413;
coefficient10=0.2675654815643257;
