coefficient1=0.7288561323535442;
coefficient2=0.9056739737781685;
coefficient3=0.0024227782075787463;
coefficient4=1.2612755582624429;
coefficient5=1.912093805764629;
coefficient6=3.3147956893440114;
coefficient7=4.05862391548137;
coefficient8=0.7246442281100429;
coefficient9=0.2638684164797497;
coefficient10=0.4461454979853853;
