coefficient1=0.7555827335305698;
coefficient2=0.11461923512774475;
coefficient3=0.2027002738258893;
coefficient4=0.6655506113082994;
coefficient5=0.8669123946641311;
coefficient6=2.1728301371909096;
coefficient7=7.346009206036816;
coefficient8=0.28766316263108294;
coefficient9=0.10213209554269931;
coefficient10=0.3094497432965748;
