coefficient1=0.811103968027559;
coefficient2=0.2495886872735018;
coefficient3=0.21018638855097505;
coefficient4=1.429872191564858;
coefficient5=0.6861538945634551;
coefficient6=1.0042196942878387;
coefficient7=7.524598531064659;
coefficient8=0.1623472039955911;
coefficient9=0.35343898933662476;
coefficient10=0.39644375853250535;
