coefficient1=0.7788561619016038;
coefficient2=0.9242670610729877;
coefficient3=0.31578071380526684;
coefficient4=1.7362509771457255;
coefficient5=1.1785342243722672;
coefficient6=4.6648891740181435;
coefficient7=7.250039444984443;
coefficient8=0.3112991419003507;
coefficient9=0.5385437009847649;
coefficient10=0.6996677658902414;
