coefficient1=0.9301186637959269;
coefficient2=0.5390120578335784;
coefficient3=0.12194886607905597;
coefficient4=1.1826553900068626;
coefficient5=1.9349477045384704;
coefficient6=3.681592531830791;
coefficient7=4.803072345316154;
coefficient8=0.4651494017258163;
coefficient9=0.6262025988293836;
coefficient10=0.617987559424445;
