coefficient1=0.08481753769750755;
coefficient2=0.7414433927230493;
coefficient3=0.36901109184775704;
coefficient4=0.06360679581787232;
coefficient5=0.5895518645765707;
coefficient6=5.020459579415438;
coefficient7=6.5723599127269035;
coefficient8=0.932899714888306;
coefficient9=0.09262415810005253;
coefficient10=0.7182834700142406;
