coefficient1=0.7620806579789436;
coefficient2=0.9289171526655022;
coefficient3=0.7383641723662152;
coefficient4=0.3601588910806359;
coefficient5=1.270198935900993;
coefficient6=2.5658554023676423;
coefficient7=6.792978129316798;
coefficient8=0.7129383500863741;
coefficient9=0.5133047417311425;
coefficient10=0.788636334788113;
