coefficient1=0.4608295914406496;
coefficient2=0.5625257367160114;
coefficient3=0.7692163566838864;
coefficient4=1.6571867251072894;
coefficient5=0.7705337145194588;
coefficient6=0.6684021164081262;
coefficient7=5.168785617286322;
coefficient8=0.7142737168269303;
coefficient9=0.9591559353616586;
coefficient10=0.6669909501397172;
