coefficient1=0.1366762758092318;
coefficient2=0.9062682942535564;
coefficient3=0.5652632046619144;
coefficient4=0.9114864214884428;
coefficient5=0.7111738082890349;
coefficient6=3.4454099329411454;
coefficient7=3.453071852109125;
coefficient8=0.6151533222882649;
coefficient9=0.3357991266269197;
coefficient10=0.8954696128856333;
