coefficient1=0.21558025643012269;
coefficient2=0.8259305164965605;
coefficient3=0.7500985438593651;
coefficient4=1.2599053315096587;
coefficient5=0.023473419189860234;
coefficient6=1.9724792276184369;
coefficient7=4.3386835499846494;
coefficient8=0.46581441998223394;
coefficient9=0.5299500163662061;
coefficient10=0.29905967599306027;
