coefficient1=0.6895590613542444;
coefficient2=0.6198915612077821;
coefficient3=0.5015417734425454;
coefficient4=1.4789405196124579;
coefficient5=0.92329969800313;
coefficient6=7.524049231221544;
coefficient7=5.735000011652635;
coefficient8=0.49648892040271264;
coefficient9=0.38180060596753185;
coefficient10=0.769000382176695;
