coefficient1=0.6995497292589342;
coefficient2=0.8495000946215127;
coefficient3=0.2638398246990221;
coefficient4=1.3700913396334453;
coefficient5=0.7995824589204747;
coefficient6=0.4140234077580427;
coefficient7=5.2994324438124325;
coefficient8=0.6201484133519979;
coefficient9=0.17450158921648506;
coefficient10=0.3342654623975949;
