coefficient1=0.5554562288200781;
coefficient2=0.5343615237689084;
coefficient3=0.650080213983341;
coefficient4=1.992519685430499;
coefficient5=0.07335040997392683;
coefficient6=4.995849453327991;
coefficient7=0.6406909718876914;
coefficient8=0.34506818950366724;
coefficient9=0.5359244240431583;
coefficient10=0.33526038951845527;
