coefficient1=0.7684730558564218;
coefficient2=0.305397777499285;
coefficient3=0.7726932421532041;
coefficient4=1.4922060308466958;
coefficient5=0.6284970629916391;
coefficient6=5.054361485682468;
coefficient7=1.4968940288042738;
coefficient8=0.8816048536112167;
coefficient9=0.4756927332291617;
coefficient10=0.5821961812846043;
