coefficient1=0.8675803228099204;
coefficient2=0.2937104213700632;
coefficient3=0.6920369008531306;
coefficient4=0.7930967607431534;
coefficient5=0.1722852212359678;
coefficient6=4.465907627421262;
coefficient7=1.0747048003097248;
coefficient8=0.8295668595819043;
coefficient9=0.05401991543059903;
coefficient10=0.8800785441366596;
