coefficient1=0.40680377726939354;
coefficient2=0.6934719963166665;
coefficient3=0.8378512924971683;
coefficient4=0.19104005901750165;
coefficient5=1.0149902063661227;
coefficient6=2.7741167457575164;
coefficient7=4.113085423506993;
coefficient8=0.5989013248243128;
coefficient9=0.8409062661396445;
coefficient10=0.41203388481767034;
