coefficient1=0.7002558147496964;
coefficient2=0.7989373095810408;
coefficient3=0.014470978427535752;
coefficient4=0.9759502181129676;
coefficient5=1.421666819751822;
coefficient6=0.08287488780425178;
coefficient7=3.743912156595526;
coefficient8=0.3785264846747486;
coefficient9=0.7070901457979976;
coefficient10=0.07026671777258098;
