coefficient1=0.0981705726265899;
coefficient2=0.40980099812466186;
coefficient3=0.6511682723377566;
coefficient4=1.2634302498526846;
coefficient5=1.2200694754927035;
coefficient6=1.622126193366439;
coefficient7=0.7980576927509446;
coefficient8=0.03680083290968483;
coefficient9=0.3066165311251382;
coefficient10=0.48905576898336756;
