coefficient1=0.0017675723154707557;
coefficient2=0.8970747858805233;
coefficient3=0.5430973667902341;
coefficient4=1.6461144439511326;
coefficient5=1.1001368668089817;
coefficient6=0.40184634125778906;
coefficient7=7.80638373025945;
coefficient8=0.630112950627911;
coefficient9=0.3629347781113327;
coefficient10=0.373451557398507;
