coefficient1=0.05564813725582962;
coefficient2=0.413859568214743;
coefficient3=0.5777488677553889;
coefficient4=0.9076976095790417;
coefficient5=0.520381222470657;
coefficient6=1.6654346178293338;
coefficient7=7.771231486971604;
coefficient8=0.5874766639349153;
coefficient9=0.47184765183206157;
coefficient10=0.8757069623702438;
