coefficient1=0.13053559775576618;
coefficient2=0.21479675430407907;
coefficient3=0.4058553037478916;
coefficient4=1.8460032020661008;
coefficient5=0.3969107476227076;
coefficient6=2.3488899632504223;
coefficient7=2.0515255521963516;
coefficient8=0.6377323449822083;
coefficient9=0.5128762580816235;
coefficient10=0.8599308418923305;
