coefficient1=0.7886403745837121;
coefficient2=0.727109098983894;
coefficient3=0.8757563547961263;
coefficient4=1.802887765629574;
coefficient5=1.2185374350341753;
coefficient6=6.720733425883449;
coefficient7=7.408101684998821;
coefficient8=0.5606745967378273;
coefficient9=0.7600394404622791;
coefficient10=0.5961615836480861;
