coefficient1=0.9825364854198377;
coefficient2=0.7152601965820047;
coefficient3=0.1010281031694259;
coefficient4=1.305494289067484;
coefficient5=1.9583062221261085;
coefficient6=1.4882161257600224;
coefficient7=5.208155372941471;
coefficient8=0.37737394985062234;
coefficient9=0.5152170043694343;
coefficient10=0.17869419808342069;
