coefficient1=0.718313625933956;
coefficient2=0.2742393174429567;
coefficient3=0.5272044587116496;
coefficient4=1.8416778236753735;
coefficient5=0.16797083063300788;
coefficient6=2.424478347446044;
coefficient7=4.036909370910285;
coefficient8=0.9137066477049957;
coefficient9=0.016081887594762145;
coefficient10=0.34274788933732625;
