coefficient1=0.46617163346216095;
coefficient2=0.7941215147785191;
coefficient3=0.7203396504723207;
coefficient4=0.09495017470030764;
coefficient5=1.3472111643108222;
coefficient6=1.1746792434402016;
coefficient7=3.7515752422813113;
coefficient8=0.25901000970897836;
coefficient9=0.663243957361117;
coefficient10=0.14379546137950872;
