coefficient1=0.35853657120152704;
coefficient2=0.09662325384783221;
coefficient3=0.2367118688737776;
coefficient4=0.28599171135140256;
coefficient5=0.67758180531749;
coefficient6=0.6546682044342198;
coefficient7=7.269556720291571;
coefficient8=0.9709018537349866;
coefficient9=0.7161286622609838;
coefficient10=0.44163467660915945;
