coefficient1=0.1387950447473767;
coefficient2=0.8297916357102684;
coefficient3=0.7313809867349534;
coefficient4=1.1554934794069023;
coefficient5=0.361252537170502;
coefficient6=3.2204738428443695;
coefficient7=2.1018502461519057;
coefficient8=0.7213838363655276;
coefficient9=0.889919437412706;
coefficient10=0.7657487328095312;
