coefficient1=0.021600364795930305;
coefficient2=0.8772202235503009;
coefficient3=0.6652392437637957;
coefficient4=0.9146802561707512;
coefficient5=1.5634994438996528;
coefficient6=6.970294685660402;
coefficient7=6.643002862356408;
coefficient8=0.8709048670201126;
coefficient9=0.43150053254096;
coefficient10=0.5266150034918944;
