coefficient1=0.8445768134780233;
coefficient2=0.200230593457272;
coefficient3=0.987930217487377;
coefficient4=0.06613202325560263;
coefficient5=1.6042175814555666;
coefficient6=5.716931554546419;
coefficient7=0.9193439137278796;
coefficient8=0.8343692979268353;
coefficient9=0.5935498392610818;
coefficient10=0.7978237567266792;
