coefficient1=0.6900279961600956;
coefficient2=0.7447674516167985;
coefficient3=0.43953511183253313;
coefficient4=1.883045350948055;
coefficient5=1.7759472876857112;
coefficient6=4.760766909607464;
coefficient7=0.5819398790177184;
coefficient8=0.9411720292629014;
coefficient9=0.40895530095645705;
coefficient10=0.5075706126660376;
