coefficient1=0.4982749853600158;
coefficient2=0.06828927463373557;
coefficient3=0.6676611385222736;
coefficient4=0.9227962785940067;
coefficient5=1.96517282392449;
coefficient6=1.4444648898667918;
coefficient7=4.910124382241785;
coefficient8=0.18261476303342694;
coefficient9=0.3591587910557531;
coefficient10=0.9303434755189636;
