coefficient1=0.09084971610187864;
coefficient2=0.6655641509135676;
coefficient3=0.8295807280588193;
coefficient4=0.2802971167087298;
coefficient5=1.7821323842590333;
coefficient6=3.4262018102149048;
coefficient7=3.455370451633912;
coefficient8=0.3437347196448618;
coefficient9=0.013560478472308457;
coefficient10=0.6596061108703958;
