coefficient1=0.09027862530613173;
coefficient2=0.7420528928438893;
coefficient3=0.8587718245509053;
coefficient4=1.6648333716261667;
coefficient5=0.24260435387282864;
coefficient6=0.25125952319743217;
coefficient7=5.714505893444375;
coefficient8=0.5918911082042235;
coefficient9=0.6985155814535036;
coefficient10=0.5505286532622549;
