coefficient1=0.1260642741157849;
coefficient2=0.8488202911433114;
coefficient3=0.038699901099631395;
coefficient4=0.42583836487104776;
coefficient5=1.5343708464307373;
coefficient6=1.3418308334580207;
coefficient7=7.069978627194618;
coefficient8=0.6604765282516125;
coefficient9=0.13652780487746285;
coefficient10=0.5779080333089551;
