coefficient1=0.7034241861935159;
coefficient2=0.344965661408857;
coefficient3=0.37242792149369;
coefficient4=1.8098508432805274;
coefficient5=1.1056401194058634;
coefficient6=7.177893246972317;
coefficient7=5.545967044959311;
coefficient8=0.14457801555683703;
coefficient9=0.9253135313859463;
coefficient10=0.5268263590453894;
