coefficient1=0.7550771957769954;
coefficient2=0.31570702415699003;
coefficient3=0.4310846776402325;
coefficient4=0.54505518464222;
coefficient5=1.1365386139671445;
coefficient6=1.3244310728712172;
coefficient7=7.059914732632459;
coefficient8=0.26980805994034585;
coefficient9=0.8798897430421599;
coefficient10=0.8499681523509187;
