coefficient1=0.9705498182951676;
coefficient2=0.7465974399224086;
coefficient3=0.18008268046513343;
coefficient4=1.8305770587948196;
coefficient5=0.8360191172051403;
coefficient6=0.624890603145972;
coefficient7=7.351308425402817;
coefficient8=0.21571643980453692;
coefficient9=0.24838338814176475;
coefficient10=0.4891012109196371;
