coefficient1=0.6399049938708209;
coefficient2=0.3651297178769445;
coefficient3=0.0007747973157335997;
coefficient4=0.25789244280777046;
coefficient5=0.46355767328223796;
coefficient6=0.08701202764731253;
coefficient7=2.2160631508352955;
coefficient8=0.28330534426010046;
coefficient9=0.4903089741320674;
coefficient10=0.11557592369855008;
