coefficient1=0.5199222340475929;
coefficient2=0.09518723895475267;
coefficient3=0.5280903281013856;
coefficient4=1.3805238446241221;
coefficient5=0.9029661858734066;
coefficient6=5.525142191911788;
coefficient7=5.583617859789597;
coefficient8=0.22360141505571407;
coefficient9=0.4537585133221197;
coefficient10=0.3947957425553754;
