coefficient1=0.2594791867047521;
coefficient2=0.4739182770096865;
coefficient3=0.0795919433484199;
coefficient4=1.7648764600933802;
coefficient5=1.961331307389943;
coefficient6=7.182418213650083;
coefficient7=7.993847376456481;
coefficient8=0.38202185793026566;
coefficient9=0.6417312196468115;
coefficient10=0.30161311020213255;
