coefficient1=0.36038420759441314;
coefficient2=0.6304723156287735;
coefficient3=0.9717475135667785;
coefficient4=1.2129024671796775;
coefficient5=0.3284061486737082;
coefficient6=3.3137152134078365;
coefficient7=5.336449947875604;
coefficient8=0.6125013564986675;
coefficient9=0.04507630700570542;
coefficient10=0.4965159447652985;
