coefficient1=0.20994923000882293;
coefficient2=0.7687451201198353;
coefficient3=0.5824324604301582;
coefficient4=0.5918061317104699;
coefficient5=1.5611563103735084;
coefficient6=5.948451188358339;
coefficient7=5.189778440390283;
coefficient8=0.37517128253582854;
coefficient9=0.01589914081155186;
coefficient10=0.948919955403144;
