coefficient1=0.2136038142448422;
coefficient2=0.7066058463016976;
coefficient3=0.8810507242973528;
coefficient4=1.3834480686157384;
coefficient5=1.0308650104764736;
coefficient6=5.194020532480111;
coefficient7=1.1985083563289693;
coefficient8=0.7993012480480588;
coefficient9=0.11512073697706149;
coefficient10=0.934678975392586;
