coefficient1=0.8496055049906304;
coefficient2=0.9709384547709491;
coefficient3=0.25086223150502296;
coefficient4=0.803775306675875;
coefficient5=0.3298968248814196;
coefficient6=7.0934248909415185;
coefficient7=6.084337439603527;
coefficient8=0.695677309227975;
coefficient9=0.5406865411368719;
coefficient10=0.5677998075537553;
