coefficient1=0.6406417940726085;
coefficient2=0.566672352641286;
coefficient3=0.1030986563506594;
coefficient4=0.983575932768924;
coefficient5=1.3436561666898768;
coefficient6=5.097605179798802;
coefficient7=3.1576884913065477;
coefficient8=0.6274884975886441;
coefficient9=0.4378902957384876;
coefficient10=0.25573688829588737;
