coefficient1=0.9618254783797794;
coefficient2=0.18447579376451928;
coefficient3=0.555206684942102;
coefficient4=1.7233038367035134;
coefficient5=1.8567716395905054;
coefficient6=6.622123871475256;
coefficient7=0.7500730028671461;
coefficient8=0.6171671637048624;
coefficient9=0.6151936469069732;
coefficient10=0.7480106813146993;
