coefficient1=0.4072002656716446;
coefficient2=0.6244274202638603;
coefficient3=0.03602098674469223;
coefficient4=1.5126408891840963;
coefficient5=0.5507290909761724;
coefficient6=7.689671168326274;
coefficient7=7.229928294422466;
coefficient8=0.9332329893533585;
coefficient9=0.08674945619136487;
coefficient10=0.2564963985459282;
