coefficient1=0.34717660474300993;
coefficient2=0.7417561695941085;
coefficient3=0.038095030282447984;
coefficient4=1.4917682941352157;
coefficient5=0.5272005912129147;
coefficient6=0.6041021592688525;
coefficient7=3.2299923263233676;
coefficient8=0.30911410642135473;
coefficient9=0.3514047746981176;
coefficient10=0.8892239543028426;
