coefficient1=0.1430449043722749;
coefficient2=0.07244539736555755;
coefficient3=0.019445656282763513;
coefficient4=1.7497259535322698;
coefficient5=1.6931188466867015;
coefficient6=6.880838827430607;
coefficient7=0.7016160825177682;
coefficient8=0.47251496498235557;
coefficient9=0.6189519964790302;
coefficient10=0.3967605136018706;
