coefficient1=0.6983645370784016;
coefficient2=0.5546946285194745;
coefficient3=0.22809771971470294;
coefficient4=0.22575718224326513;
coefficient5=0.09589103971331348;
coefficient6=2.534138561392626;
coefficient7=4.983241800837321;
coefficient8=0.7315519404352324;
coefficient9=0.2737112633890967;
coefficient10=0.2165230974842861;
