coefficient1=0.12599969867324246;
coefficient2=0.8456609700145236;
coefficient3=0.5970350952754513;
coefficient4=1.7873295785577699;
coefficient5=0.4104304301269066;
coefficient6=2.927628230506529;
coefficient7=1.1480729281244297;
coefficient8=0.20559053490501;
coefficient9=0.47171282524500646;
coefficient10=0.7492444802787823;
