coefficient1=0.17651592009737582;
coefficient2=0.9999937157802508;
coefficient3=0.12955758226195513;
coefficient4=0.36569702356932887;
coefficient5=1.9962846720450738;
coefficient6=2.1771845985983305;
coefficient7=6.488893700369531;
coefficient8=0.5147421584250276;
coefficient9=0.6824506196254851;
coefficient10=0.19559114243284415;
