coefficient1=0.7661502828925162;
coefficient2=0.8945372988921064;
coefficient3=0.8751084128063349;
coefficient4=1.5004070075125173;
coefficient5=1.7507027758465175;
coefficient6=7.4235032835187535;
coefficient7=4.664516188712537;
coefficient8=0.3141060795843087;
coefficient9=0.7760446542094627;
coefficient10=0.6606655033000587;
