coefficient1=0.6550624767456015;
coefficient2=0.5941267872075705;
coefficient3=0.9728740888675456;
coefficient4=0.336094498014579;
coefficient5=1.066707325265744;
coefficient6=2.14976023659056;
coefficient7=0.8968618028973898;
coefficient8=0.6369160536136382;
coefficient9=0.28837582269117923;
coefficient10=0.25465805465808955;
