coefficient1=0.14643083741137541;
coefficient2=0.7461419698762274;
coefficient3=0.6214259864454734;
coefficient4=0.8233474555292446;
coefficient5=1.1594339312000992;
coefficient6=7.727289112700167;
coefficient7=5.257623935291502;
coefficient8=0.27829428288805236;
coefficient9=0.9491360866829114;
coefficient10=0.15244658949522671;
