coefficient1=0.00144540011477845;
coefficient2=0.46124854960664774;
coefficient3=0.7433493498955607;
coefficient4=0.3651780664227644;
coefficient5=1.5659002946785474;
coefficient6=4.745306080594086;
coefficient7=1.8852500046517804;
coefficient8=0.04536140895541663;
coefficient9=0.728020070853156;
coefficient10=0.5437353864142983;
