coefficient1=0.4244017827876808;
coefficient2=0.4797782479404009;
coefficient3=0.15221927437857452;
coefficient4=1.6798398529057759;
coefficient5=1.0952899654861137;
coefficient6=1.3957059138697563;
coefficient7=6.2879910360321425;
coefficient8=0.4355609562300561;
coefficient9=0.7992221355746634;
coefficient10=0.5161172205254996;
