coefficient1=0.39162300755585266;
coefficient2=0.9907430998725886;
coefficient3=0.4099739247861035;
coefficient4=0.3711295279864095;
coefficient5=0.5497062086632187;
coefficient6=6.061432624248935;
coefficient7=5.584836662568101;
coefficient8=0.41345240720802623;
coefficient9=0.42741297764808495;
coefficient10=0.9170520856960629;
