coefficient1=0.43435457424377;
coefficient2=0.4488405724025397;
coefficient3=0.4744628324308853;
coefficient4=1.819504941050629;
coefficient5=0.5981974281059674;
coefficient6=1.7935970315729257;
coefficient7=0.6718518876221111;
coefficient8=0.6155201399443362;
coefficient9=0.5311295946504088;
coefficient10=0.5819626370691634;
