coefficient1=0.738073893191812;
coefficient2=0.7817376872438767;
coefficient3=0.656780970179977;
coefficient4=1.5333110692881529;
coefficient5=0.6573197760593334;
coefficient6=7.300706776455729;
coefficient7=7.848339247373322;
coefficient8=0.587936078361934;
coefficient9=0.8485511092513768;
coefficient10=0.8844196715832916;
