coefficient1=0.670380155641988;
coefficient2=0.8283256139392018;
coefficient3=0.19316846111958663;
coefficient4=1.6075867210681245;
coefficient5=1.4727507902819372;
coefficient6=6.580403703831001;
coefficient7=2.5054459878979225;
coefficient8=0.8651834283668998;
coefficient9=0.415044697455182;
coefficient10=0.9555019972272257;
