coefficient1=0.36463262231968685;
coefficient2=0.49592987816668;
coefficient3=0.9611120943119477;
coefficient4=1.4337461530576459;
coefficient5=1.996609024584798;
coefficient6=6.571972911909306;
coefficient7=4.151491960023534;
coefficient8=0.8670523364979952;
coefficient9=0.5802709526694851;
coefficient10=0.20861028176635577;
