coefficient1=0.969861332337772;
coefficient2=0.8985766665264515;
coefficient3=0.8634545135553156;
coefficient4=0.4138603352825998;
coefficient5=1.316656774702923;
coefficient6=4.211531763748644;
coefficient7=5.322742763822507;
coefficient8=0.2182683851754439;
coefficient9=0.36651685316544547;
coefficient10=0.05382428095023373;
