coefficient1=0.5986921723007732;
coefficient2=0.5851792669300564;
coefficient3=0.8962896816397984;
coefficient4=1.9576396079577805;
coefficient5=1.4119921098729273;
coefficient6=2.886020068474201;
coefficient7=1.7314805442308003;
coefficient8=0.34598782957009455;
coefficient9=0.661638641659853;
coefficient10=0.5921965283092635;
