coefficient1=0.23679326772321618;
coefficient2=0.6576271617140472;
coefficient3=0.38610319308441887;
coefficient4=0.016629456247670538;
coefficient5=1.1937946921319293;
coefficient6=6.3901134343888195;
coefficient7=4.389475674840303;
coefficient8=0.7606345942446946;
coefficient9=0.8394943927923846;
coefficient10=0.7612860951581271;
