coefficient1=0.6043443133220783;
coefficient2=0.9841585819108966;
coefficient3=0.10467571082920568;
coefficient4=1.0649847020559795;
coefficient5=0.5598607682501524;
coefficient6=2.0501194534236253;
coefficient7=1.6292793072126983;
coefficient8=0.8986266282943935;
coefficient9=0.9184491978653878;
coefficient10=0.19145879955428058;
