coefficient1=0.11115229173738916;
coefficient2=0.8900969215777597;
coefficient3=0.8681783232650861;
coefficient4=0.25948100645419303;
coefficient5=1.5284383639601697;
coefficient6=7.627654939700137;
coefficient7=5.053054224008265;
coefficient8=0.7810071498721047;
coefficient9=0.5691022066379036;
coefficient10=0.3413344839904421;
