coefficient1=0.926204004858701;
coefficient2=0.15666816921700444;
coefficient3=0.6618842169268502;
coefficient4=1.4960260047812282;
coefficient5=1.7822413963635282;
coefficient6=7.439225545458771;
coefficient7=1.5848840227003498;
coefficient8=0.3045175447573565;
coefficient9=0.7850848042416445;
coefficient10=0.9949904266768458;
