coefficient1=0.6460117827363798;
coefficient2=0.7161669824025746;
coefficient3=0.32183975689173383;
coefficient4=0.4757518718961886;
coefficient5=1.2649258317034844;
coefficient6=7.134435286549166;
coefficient7=0.7634580411365999;
coefficient8=0.2741663599671963;
coefficient9=0.39944795007211586;
coefficient10=0.7510474197264686;
