coefficient1=0.014565502689332432;
coefficient2=0.9839553778658643;
coefficient3=0.2076160514738108;
coefficient4=1.6529416660412317;
coefficient5=0.0299560297191368;
coefficient6=4.762563739452204;
coefficient7=0.8707722274375183;
coefficient8=0.96193649199649;
coefficient9=0.5653404445750201;
coefficient10=0.03985562707383228;
