coefficient1=0.1698658159430494;
coefficient2=0.909489933832083;
coefficient3=0.04423898350160749;
coefficient4=0.7452618961831294;
coefficient5=0.31052522260177073;
coefficient6=6.440506852520645;
coefficient7=4.708756115977027;
coefficient8=0.8213986117228699;
coefficient9=0.10429116781212866;
coefficient10=0.09055522547232076;
