coefficient1=0.43203367151763394;
coefficient2=0.31369716471454345;
coefficient3=0.3400090557525397;
coefficient4=0.589548740046645;
coefficient5=0.5908405086652362;
coefficient6=0.469715768704166;
coefficient7=0.48550147782558195;
coefficient8=0.9723347688910485;
coefficient9=0.7124575937370711;
coefficient10=0.8624046912788759;
