coefficient1=0.626811008205839;
coefficient2=0.719263027377307;
coefficient3=0.4800923663931447;
coefficient4=1.3135701049083477;
coefficient5=1.4793972581974408;
coefficient6=2.083845495256247;
coefficient7=0.8001903611413521;
coefficient8=0.9322146205800645;
coefficient9=0.8392387298060568;
coefficient10=0.3586265285684027;
