coefficient1=0.956200542203894;
coefficient2=0.6137440485768686;
coefficient3=0.7424333341227944;
coefficient4=0.09659871684221755;
coefficient5=1.6522597153001077;
coefficient6=4.189139534184518;
coefficient7=3.398361393151193;
coefficient8=0.3548715426467628;
coefficient9=0.21934671446883092;
coefficient10=0.9306826295858435;
