coefficient1=0.8846512465285468;
coefficient2=0.21511466617908948;
coefficient3=0.49734223358333673;
coefficient4=0.08497641767914965;
coefficient5=0.3746631923001036;
coefficient6=0.6750867948187862;
coefficient7=6.878664851419203;
coefficient8=0.8309917500917008;
coefficient9=0.35243640704442236;
coefficient10=0.9721887976238536;
