coefficient1=0.3035643471933429;
coefficient2=0.981768859674874;
coefficient3=0.5741764809269508;
coefficient4=0.5427203788592376;
coefficient5=0.8851355521526747;
coefficient6=0.8718171648676272;
coefficient7=5.780079654684702;
coefficient8=0.13142358340047477;
coefficient9=0.24044252162355284;
coefficient10=0.7288159492611381;
