coefficient1=0.5319249783373899;
coefficient2=0.6656396313175903;
coefficient3=0.23045440796481875;
coefficient4=1.8010152755354871;
coefficient5=0.2532739503547192;
coefficient6=5.905570979184517;
coefficient7=3.5376998216186992;
coefficient8=0.27541430017047086;
coefficient9=0.960119039661713;
coefficient10=0.2280910865373348;
