coefficient1=0.035281353905518675;
coefficient2=0.6217557224476545;
coefficient3=0.06136196099504099;
coefficient4=1.7802404148969555;
coefficient5=1.720137992783191;
coefficient6=5.128255485338948;
coefficient7=7.848370394914354;
coefficient8=0.11460284413765998;
coefficient9=0.09414397273095454;
coefficient10=0.9342820291081184;
