coefficient1=0.7281406607530362;
coefficient2=0.29586602474522083;
coefficient3=0.39021816612185267;
coefficient4=0.5238968754950943;
coefficient5=1.7217945022035976;
coefficient6=4.886793064470938;
coefficient7=6.381401923314361;
coefficient8=0.37516483895797725;
coefficient9=0.4465713048188025;
coefficient10=0.9886964889230438;
