coefficient1=0.8645157144113422;
coefficient2=0.6050757812518655;
coefficient3=0.35189224022613763;
coefficient4=0.032507733398253524;
coefficient5=0.5964145764063902;
coefficient6=6.01988854930815;
coefficient7=5.035252759556087;
coefficient8=0.018479805072632915;
coefficient9=0.45257189198441217;
coefficient10=0.2528893970547955;
