coefficient1=0.2531205751193254;
coefficient2=0.33602766747574087;
coefficient3=0.7330752878304636;
coefficient4=1.3986055170319056;
coefficient5=1.9291017644154058;
coefficient6=0.5264540431572398;
coefficient7=1.2893333679820467;
coefficient8=0.44204310856314666;
coefficient9=0.6374315088755912;
coefficient10=0.5304001044968404;
