coefficient1=0.4657675386821776;
coefficient2=0.4483266716421588;
coefficient3=0.1680973768734687;
coefficient4=1.7379227764610639;
coefficient5=0.4854898602942719;
coefficient6=0.4883423087068657;
coefficient7=6.0712113525007085;
coefficient8=0.354720414286249;
coefficient9=0.9159802993619791;
coefficient10=0.9163369623737198;
