coefficient1=0.20429107297362437;
coefficient2=0.5540835956923428;
coefficient3=0.7400028950058704;
coefficient4=0.10891120733490389;
coefficient5=1.806666746650148;
coefficient6=3.26949726871449;
coefficient7=4.273868512291058;
coefficient8=0.9310345909405245;
coefficient9=0.8881538214714575;
coefficient10=0.06183522284365617;
