coefficient1=0.9486945206457829;
coefficient2=0.5671383947933581;
coefficient3=0.8862285839494215;
coefficient4=1.7491847585274072;
coefficient5=0.8300991991126949;
coefficient6=2.712729782641854;
coefficient7=6.4436963532116;
coefficient8=0.9197774221404331;
coefficient9=0.6843683985443919;
coefficient10=0.15743864237654026;
