coefficient1=0.7352505938270333;
coefficient2=0.5068081379282194;
coefficient3=0.364617446982453;
coefficient4=1.3509122112392347;
coefficient5=1.8363385310397147;
coefficient6=7.506431670466288;
coefficient7=7.380996510220893;
coefficient8=0.13911786012699479;
coefficient9=0.00360828585912909;
coefficient10=0.7045966039603164;
