coefficient1=0.6699121685225248;
coefficient2=0.9007993852015386;
coefficient3=0.3012247828737592;
coefficient4=0.6668318899699357;
coefficient5=1.2713797511700315;
coefficient6=0.7843351487197543;
coefficient7=2.3375970655070892;
coefficient8=0.17865682441335684;
coefficient9=0.1324745513907738;
coefficient10=0.16188105443927392;
