coefficient1=0.3846081631643288;
coefficient2=0.23273426151174803;
coefficient3=0.2448044369202157;
coefficient4=0.1484171248996644;
coefficient5=1.7059469794018403;
coefficient6=2.8323577244820095;
coefficient7=0.5535751550288301;
coefficient8=0.806269789518131;
coefficient9=0.9258691517979903;
coefficient10=0.8785952537674196;
