coefficient1=0.32712186555139766;
coefficient2=0.9462756676013508;
coefficient3=0.3306486164463498;
coefficient4=0.6138807234486428;
coefficient5=0.1611377154710638;
coefficient6=3.167469433132272;
coefficient7=5.082801306510733;
coefficient8=0.6640310277996747;
coefficient9=0.3573376868095379;
coefficient10=0.8632030562379615;
