coefficient1=0.3022692919247336;
coefficient2=0.3116563382521981;
coefficient3=0.1245870364962458;
coefficient4=0.27366221148714587;
coefficient5=0.16899047639723186;
coefficient6=7.025371193885748;
coefficient7=3.5951970274633718;
coefficient8=0.7279131882918491;
coefficient9=0.38876925070121493;
coefficient10=0.939872585906196;
