coefficient1=0.9538850538766334;
coefficient2=0.4747072722897391;
coefficient3=0.5581886402690661;
coefficient4=1.3996003936693064;
coefficient5=0.4562919064880475;
coefficient6=0.4971991245642693;
coefficient7=0.7060472878049939;
coefficient8=0.10491612814097528;
coefficient9=0.12017259275043712;
coefficient10=0.893489986225617;
