coefficient1=0.8619361546637394;
coefficient2=0.22795180479040011;
coefficient3=0.6979397767630448;
coefficient4=0.1943239474200058;
coefficient5=0.1383372304725976;
coefficient6=2.6495257449829683;
coefficient7=0.001953894929235922;
coefficient8=0.7334014876387607;
coefficient9=0.025979425656246335;
coefficient10=0.13451910816940305;
