coefficient1=0.8028833154633765;
coefficient2=0.2735997632897067;
coefficient3=0.7554460237095807;
coefficient4=0.9615290462156014;
coefficient5=0.04792612045646649;
coefficient6=6.7218362129181;
coefficient7=6.264919295072715;
coefficient8=0.31854251203292683;
coefficient9=0.436992185236341;
coefficient10=0.31168869466830806;
