coefficient1=0.40659185730686165;
coefficient2=0.17009189331441488;
coefficient3=0.5321679893347848;
coefficient4=0.16407792996399606;
coefficient5=0.2330513603556974;
coefficient6=7.086662378426478;
coefficient7=6.672086511236399;
coefficient8=0.87511710994978;
coefficient9=0.16362058847804728;
coefficient10=0.18875244749805464;
