coefficient1=0.8794626607328228;
coefficient2=0.8381394656381109;
coefficient3=0.6129200445542031;
coefficient4=0.4306817549621076;
coefficient5=0.3144220100413968;
coefficient6=4.555609422519261;
coefficient7=6.548853001727529;
coefficient8=0.2037158245191003;
coefficient9=0.8695245659116608;
coefficient10=0.3488097087833121;
