coefficient1=0.1506415087935793;
coefficient2=0.6726622943751528;
coefficient3=0.6201883705936788;
coefficient4=0.1796991469247522;
coefficient5=0.5795872982317476;
coefficient6=5.415474312080217;
coefficient7=3.3865453148591973;
coefficient8=0.41289142426972103;
coefficient9=0.8692333436278037;
coefficient10=0.8984354724381957;
