coefficient1=0.5477541617341056;
coefficient2=0.25320116701909934;
coefficient3=0.6043013277510667;
coefficient4=0.14198040487696795;
coefficient5=0.8690793810279032;
coefficient6=7.247175288151495;
coefficient7=3.0367095155682717;
coefficient8=0.5081715254659647;
coefficient9=0.3786144446003924;
coefficient10=0.688275859725625;
