coefficient1=0.1750749772504392;
coefficient2=0.7953659809462922;
coefficient3=0.4360677963650924;
coefficient4=0.835758551920619;
coefficient5=0.3823646288044127;
coefficient6=3.446642903117577;
coefficient7=4.193112343138611;
coefficient8=0.12475293879352234;
coefficient9=0.15592661907049554;
coefficient10=0.16229785673028807;
