coefficient1=0.32781997752866665;
coefficient2=0.23976625495990045;
coefficient3=0.945688105540383;
coefficient4=0.8756209244308628;
coefficient5=0.12274285331730406;
coefficient6=7.292784017748595;
coefficient7=2.7645774409759687;
coefficient8=0.13527418376296585;
coefficient9=0.0353343016098554;
coefficient10=0.48864776728053305;
