coefficient1=0.6107594684755699;
coefficient2=0.146587294626771;
coefficient3=0.5457935514761495;
coefficient4=0.40642814703240293;
coefficient5=0.21182321307954166;
coefficient6=7.036610534196535;
coefficient7=1.0829520774810835;
coefficient8=0.6901586855902078;
coefficient9=0.696734789951884;
coefficient10=0.64306278782189;
