coefficient1=0.8253570076929884;
coefficient2=0.5038896178203304;
coefficient3=0.46043604123079684;
coefficient4=1.7653846752077234;
coefficient5=1.4483407730958988;
coefficient6=7.711217375249375;
coefficient7=2.5078764694741995;
coefficient8=0.399280415244301;
coefficient9=0.35564500141590216;
coefficient10=0.13843681458029067;
