coefficient1=0.9091659097827454;
coefficient2=0.6501599086467801;
coefficient3=0.07454209622375996;
coefficient4=1.0076410848804913;
coefficient5=0.9747972751137806;
coefficient6=3.9462303088879693;
coefficient7=2.8640785743328916;
coefficient8=0.38519791451191776;
coefficient9=0.5458238569819481;
coefficient10=0.848493220643136;
