coefficient1=0.6623825694958336;
coefficient2=0.7862213955929737;
coefficient3=0.9407680799064706;
coefficient4=0.4459432882682002;
coefficient5=0.743256340888274;
coefficient6=0.048249637170679094;
coefficient7=1.8932801378539157;
coefficient8=0.760601838586983;
coefficient9=0.7213103497418711;
coefficient10=0.8242651105358859;
