coefficient1=0.5532597662774251;
coefficient2=0.6614966908598657;
coefficient3=0.42326552092048253;
coefficient4=1.9038763972399675;
coefficient5=0.15750236853997657;
coefficient6=2.973294202686593;
coefficient7=3.593562520121808;
coefficient8=0.7528638718679219;
coefficient9=0.6093698596306977;
coefficient10=0.2525573352959267;
