coefficient1=0.4663557242415397;
coefficient2=0.7038574513583624;
coefficient3=0.7020885185048829;
coefficient4=0.16342645892316532;
coefficient5=1.9182300347203214;
coefficient6=0.08996363660356543;
coefficient7=4.714705443890323;
coefficient8=0.9330448524976243;
coefficient9=0.4730938203279056;
coefficient10=0.35097725357460086;
