coefficient1=0.4284922387713277;
coefficient2=0.9555845237811572;
coefficient3=0.7131785039432149;
coefficient4=0.46796136676205013;
coefficient5=1.1016215084823353;
coefficient6=4.766495937211091;
coefficient7=1.3614296824358316;
coefficient8=0.7429914427277043;
coefficient9=0.41198585977997326;
coefficient10=0.05705572447735796;
