coefficient1=0.3071516595844278;
coefficient2=0.11561106013452382;
coefficient3=0.07188867491115225;
coefficient4=0.8928808326597708;
coefficient5=0.8481411760614213;
coefficient6=6.3302386981386825;
coefficient7=4.914383968145344;
coefficient8=0.8392525297376499;
coefficient9=0.6280853603230958;
coefficient10=0.1824006130681617;
