coefficient1=0.3580150988563632;
coefficient2=0.4918413602977294;
coefficient3=0.4906404791997757;
coefficient4=1.1272263641990121;
coefficient5=1.180269558331963;
coefficient6=4.0865335806943905;
coefficient7=0.033885585663268714;
coefficient8=0.2917407275041892;
coefficient9=0.8502516112012404;
coefficient10=0.552769661893186;
