coefficient1=0.2184779378767988;
coefficient2=0.7487855787960824;
coefficient3=0.7108629092863248;
coefficient4=1.9796971885279133;
coefficient5=1.7568811296482785;
coefficient6=3.171406559629146;
coefficient7=4.843887363579792;
coefficient8=0.6631193335169698;
coefficient9=0.957916327848765;
coefficient10=0.39865708206000194;
