coefficient1=0.5658576110495185;
coefficient2=0.31440922514477443;
coefficient3=0.42318328551719975;
coefficient4=1.087857105673572;
coefficient5=0.7155596234129098;
coefficient6=2.455057146564446;
coefficient7=5.737983991370993;
coefficient8=0.7700131941549563;
coefficient9=0.7882433610626609;
coefficient10=0.8073994140570163;
