coefficient1=0.5595863298578876;
coefficient2=0.2457045429965845;
coefficient3=0.2381240519262926;
coefficient4=0.04123956416381591;
coefficient5=0.43185974898649904;
coefficient6=2.112749237575949;
coefficient7=2.8068953378688812;
coefficient8=0.1766199854272732;
coefficient9=0.5810112880621199;
coefficient10=0.21720615225162931;
