coefficient1=0.8022431382553499;
coefficient2=0.43458873070227744;
coefficient3=0.05277456849548012;
coefficient4=1.3824741345652167;
coefficient5=0.22505175820072676;
coefficient6=6.661440772622259;
coefficient7=5.559569023291337;
coefficient8=0.8927589824720841;
coefficient9=0.312575515012141;
coefficient10=0.22350201250732682;
