coefficient1=0.5006488839138501;
coefficient2=0.3691853823372927;
coefficient3=0.9767380008500832;
coefficient4=1.5551263645713127;
coefficient5=0.334359468181868;
coefficient6=6.862333161928274;
coefficient7=1.2461866295278883;
coefficient8=0.11819760697449988;
coefficient9=0.7011305102889691;
coefficient10=0.6251190747040476;
