coefficient1=0.6552823812401134;
coefficient2=0.6082500234994126;
coefficient3=0.9090313610489368;
coefficient4=1.2847196530323322;
coefficient5=1.1784979153780861;
coefficient6=6.257549849567109;
coefficient7=3.5666577542140043;
coefficient8=0.5668623752930907;
coefficient9=0.5840461251812243;
coefficient10=0.7757315645093308;
