coefficient1=0.8814019839779015;
coefficient2=0.9220018835340692;
coefficient3=0.02483071899255318;
coefficient4=0.3051011195727824;
coefficient5=1.5155661228404633;
coefficient6=1.133756828500216;
coefficient7=4.904701136419469;
coefficient8=0.00818568169825229;
coefficient9=0.68101324700128;
coefficient10=0.8280940170470391;
