coefficient1=0.5174283669938268;
coefficient2=0.24269407807611376;
coefficient3=0.35824265959662116;
coefficient4=0.5493676023288847;
coefficient5=1.5565038565123557;
coefficient6=7.910243694553494;
coefficient7=6.5261737628916165;
coefficient8=0.30199843393230263;
coefficient9=0.37234516273101326;
coefficient10=0.4055223102462431;
