coefficient1=0.6600983406645236;
coefficient2=0.8453922543561383;
coefficient3=0.3814978758347132;
coefficient4=1.7865268816732927;
coefficient5=0.46144362132868966;
coefficient6=6.091735211600773;
coefficient7=4.095710163928755;
coefficient8=0.4394388224337211;
coefficient9=0.876875988954602;
coefficient10=0.9836936643253044;
