coefficient1=0.808720322937106;
coefficient2=0.9859299986026;
coefficient3=0.7448292147783739;
coefficient4=1.2270363224038132;
coefficient5=0.6714696755962473;
coefficient6=5.9397609286643185;
coefficient7=4.922717266675686;
coefficient8=0.661533008076876;
coefficient9=0.3448272997069659;
coefficient10=0.9751953550129415;
