coefficient1=0.9343592090267774;
coefficient2=0.5188910554883683;
coefficient3=0.4555266940442517;
coefficient4=0.7654850626543903;
coefficient5=1.330209368382998;
coefficient6=4.677993492621949;
coefficient7=0.35321672199559284;
coefficient8=0.2883462778649921;
coefficient9=0.6320873775593838;
coefficient10=0.32106210559141246;
