coefficient1=0.23720633744427078;
coefficient2=0.28284065165634287;
coefficient3=0.42565413546421327;
coefficient4=1.2949711808969744;
coefficient5=0.9562591340095548;
coefficient6=6.755167183455169;
coefficient7=6.276742367723725;
coefficient8=0.32939839357845013;
coefficient9=0.7923519681005595;
coefficient10=0.23112018125605494;
