coefficient1=0.5271275356464492;
coefficient2=0.31814336665844467;
coefficient3=0.23529968562335457;
coefficient4=1.2133633415627736;
coefficient5=1.6105118955814615;
coefficient6=2.418493908286213;
coefficient7=3.59967862827198;
coefficient8=0.7753919498532724;
coefficient9=0.9083194764180997;
coefficient10=0.7959247283795586;
