coefficient1=0.6402153134761953;
coefficient2=0.9230716008635184;
coefficient3=0.7433781650311688;
coefficient4=1.2767549875546222;
coefficient5=1.6079945664180033;
coefficient6=7.7997743704485805;
coefficient7=6.902291450236652;
coefficient8=0.09599766652610175;
coefficient9=0.4776592422334117;
coefficient10=0.739577064198193;
