coefficient1=0.5384792803035313;
coefficient2=0.9917022069367336;
coefficient3=0.9087285031965167;
coefficient4=1.115724530297961;
coefficient5=0.8620080682264342;
coefficient6=5.715947871362665;
coefficient7=0.8217664433180278;
coefficient8=0.1416243197475644;
coefficient9=0.5256724344867627;
coefficient10=0.07700259096261264;
