coefficient1=0.7853217128520257;
coefficient2=0.09439882174253611;
coefficient3=0.7592887367720468;
coefficient4=1.3661770878251767;
coefficient5=0.5890491583391326;
coefficient6=3.9043939528317573;
coefficient7=7.18217722874647;
coefficient8=0.5664904615167813;
coefficient9=0.002781916564117415;
coefficient10=0.9793196558932391;
