coefficient1=0.01043165749919206;
coefficient2=0.24978907285279517;
coefficient3=0.9587800364531406;
coefficient4=0.9058969462848301;
coefficient5=1.87839468160643;
coefficient6=0.22055504392089276;
coefficient7=2.919980164977746;
coefficient8=0.9522275947918979;
coefficient9=0.030313764158208523;
coefficient10=0.03563752576645629;
