coefficient1=0.0039503989018413455;
coefficient2=0.4917669356677813;
coefficient3=0.8988979715330351;
coefficient4=0.2592427480374597;
coefficient5=0.25109399665945853;
coefficient6=6.277228991369399;
coefficient7=2.3839496713147046;
coefficient8=0.31269856553665454;
coefficient9=0.8473452676956668;
coefficient10=0.8243578359640976;
