coefficient1=0.03888414408752139;
coefficient2=0.5573164090938192;
coefficient3=0.6021073901312858;
coefficient4=0.7123876706649255;
coefficient5=0.7939972129667394;
coefficient6=3.805009712617607;
coefficient7=2.8438599433084457;
coefficient8=0.994747745120233;
coefficient9=0.922448543477106;
coefficient10=0.5080173937415897;
