coefficient1=0.7793396697555025;
coefficient2=0.2615473892834783;
coefficient3=0.1101882574517894;
coefficient4=1.7367873360989265;
coefficient5=1.3291867298058289;
coefficient6=6.486738052355916;
coefficient7=0.05389894001329498;
coefficient8=0.6278786161826102;
coefficient9=0.12525920864890772;
coefficient10=0.3753300996949076;
