coefficient1=0.7877650266453746;
coefficient2=0.8752785002901885;
coefficient3=0.856736739350948;
coefficient4=0.4792098221612866;
coefficient5=0.4825627749370076;
coefficient6=2.232294466459619;
coefficient7=4.967493453066057;
coefficient8=0.10776439724668185;
coefficient9=0.17906515319995053;
coefficient10=0.02867326027706485;
