coefficient1=0.19495252393479845;
coefficient2=0.2684065805820235;
coefficient3=0.13882702850537398;
coefficient4=1.6374228924073466;
coefficient5=0.39323017459041054;
coefficient6=4.223641387980818;
coefficient7=2.024806859287999;
coefficient8=0.6386242633941823;
coefficient9=0.2151653412709419;
coefficient10=0.12266444178202074;
