coefficient1=0.7372563779742007;
coefficient2=0.15396299770379562;
coefficient3=0.844293933737596;
coefficient4=0.16784528703641377;
coefficient5=0.20819276229506545;
coefficient6=0.017166034825872423;
coefficient7=2.8671821821871237;
coefficient8=0.20594198155066845;
coefficient9=0.889853093298641;
coefficient10=0.2580588282615289;
