coefficient1=0.3395850009764473;
coefficient2=0.26577923967233885;
coefficient3=0.01729942955576469;
coefficient4=0.016821900429102143;
coefficient5=1.0808395418518693;
coefficient6=3.598883519410208;
coefficient7=5.828994068960052;
coefficient8=0.32552904781088277;
coefficient9=0.9710149231284704;
coefficient10=0.6431881745815045;
