coefficient1=0.7453227263118795;
coefficient2=0.9916266925320761;
coefficient3=0.8268595576814912;
coefficient4=0.1938995681454454;
coefficient5=0.023399464111822477;
coefficient6=4.0931761369938755;
coefficient7=5.392789937014519;
coefficient8=0.7836505058251692;
coefficient9=0.469849350761986;
coefficient10=0.43261912889183496;
