coefficient1=0.7693981702327268;
coefficient2=0.8124975780996222;
coefficient3=0.5566597582984569;
coefficient4=0.100221789773973;
coefficient5=1.3649322255476375;
coefficient6=7.2810499055487705;
coefficient7=2.6543156961754777;
coefficient8=0.6809771870816258;
coefficient9=0.3799421748347064;
coefficient10=0.1378122589662345;
