coefficient1=0.28520970776772403;
coefficient2=0.06487555268624612;
coefficient3=0.3561912776841273;
coefficient4=1.7775190514907346;
coefficient5=1.705753980366823;
coefficient6=6.096131370103757;
coefficient7=6.546604861348407;
coefficient8=0.4355196575610514;
coefficient9=0.933744672919497;
coefficient10=0.2477534067663908;
