coefficient1=0.18624153689044975;
coefficient2=0.8653524227269132;
coefficient3=0.16878878515942164;
coefficient4=1.9754943295638236;
coefficient5=0.7523286000968297;
coefficient6=1.3140280058955067;
coefficient7=6.31887875643931;
coefficient8=0.2745220768541162;
coefficient9=0.1745291127040034;
coefficient10=0.8820189939185433;
