coefficient1=0.21534424033583932;
coefficient2=0.91893821476097;
coefficient3=0.9933616287055806;
coefficient4=1.5719507537139992;
coefficient5=1.24993182351684;
coefficient6=6.065618560789303;
coefficient7=0.3767310826896919;
coefficient8=0.7865078453831267;
coefficient9=0.1258491303170426;
coefficient10=0.8902650637917019;
