coefficient1=0.4429222234948672;
coefficient2=0.34694681045862563;
coefficient3=0.7937770983150408;
coefficient4=1.4323861595308816;
coefficient5=1.5663848994292484;
coefficient6=1.3912750600908392;
coefficient7=0.9383149906045478;
coefficient8=0.8901214304248707;
coefficient9=0.8627803759561657;
coefficient10=0.8070531046708894;
