coefficient1=0.6707699838069054;
coefficient2=0.7711525433983575;
coefficient3=0.20309393666089537;
coefficient4=1.8900079887743402;
coefficient5=1.654579389083548;
coefficient6=0.9763262573400295;
coefficient7=7.864583533536538;
coefficient8=0.9003221741572289;
coefficient9=0.09881554101849566;
coefficient10=0.07393780609822487;
