coefficient1=0.18731999147541356;
coefficient2=0.039389490539993965;
coefficient3=0.8064829747253853;
coefficient4=0.31948357532448735;
coefficient5=0.8060142544494442;
coefficient6=5.197959854157465;
coefficient7=2.543773382046459;
coefficient8=0.8175310940213315;
coefficient9=0.7483419254051592;
coefficient10=0.6332114237175656;
