coefficient1=0.6057039506449963;
coefficient2=0.018918199321703133;
coefficient3=0.5215207005054739;
coefficient4=1.2216133431722909;
coefficient5=0.8329690624715114;
coefficient6=2.226612486107106;
coefficient7=7.802574058971965;
coefficient8=0.29349586721926413;
coefficient9=0.1303709322543467;
coefficient10=0.3885411375907819;
