coefficient1=0.6767855215311717;
coefficient2=0.4272598110787872;
coefficient3=0.5482526852058344;
coefficient4=0.5746435677628043;
coefficient5=1.7978972740779768;
coefficient6=5.525988408795663;
coefficient7=0.42697187447712714;
coefficient8=0.6257904108574247;
coefficient9=0.7924527686695861;
coefficient10=0.9781515607169852;
