coefficient1=0.16472355328216715;
coefficient2=0.4163390432347347;
coefficient3=0.4905622181798738;
coefficient4=1.4486692094386926;
coefficient5=0.28978740430801;
coefficient6=7.4873399415405295;
coefficient7=1.3892556464944246;
coefficient8=0.7727758634973999;
coefficient9=0.02094909978454662;
coefficient10=0.6849070505681562;
