coefficient1=0.42375444702403375;
coefficient2=0.5571521564863875;
coefficient3=0.11479002279260797;
coefficient4=1.9395271358878967;
coefficient5=0.5037720464623969;
coefficient6=0.15204455619828305;
coefficient7=5.169039937427297;
coefficient8=0.8292885004210364;
coefficient9=0.39811450831820094;
coefficient10=0.14090038562306184;
