coefficient1=0.7169778659579151;
coefficient2=0.9283911176009494;
coefficient3=0.883387104722041;
coefficient4=0.043561757275487833;
coefficient5=1.9682971487549263;
coefficient6=3.9292279072796115;
coefficient7=1.0837059248050132;
coefficient8=0.8174148589035415;
coefficient9=0.7279612664664175;
coefficient10=0.7111406003606493;
