coefficient1=0.636318218546068;
coefficient2=0.713676714644309;
coefficient3=0.2596029364400041;
coefficient4=0.5111416478535991;
coefficient5=1.675498220684214;
coefficient6=6.3908550494702006;
coefficient7=6.1333636688839706;
coefficient8=0.9348548625409987;
coefficient9=0.3581743217991017;
coefficient10=0.8100840933594305;
