coefficient1=0.30747073237658884;
coefficient2=0.012047138365747334;
coefficient3=0.24087796385303428;
coefficient4=0.15136249164370286;
coefficient5=1.45556137566382;
coefficient6=7.939308212372676;
coefficient7=5.404171933233245;
coefficient8=0.6152664037556231;
coefficient9=0.9593337510214256;
coefficient10=0.6617640942945908;
