coefficient1=0.47970078483021916;
coefficient2=0.27082986114421426;
coefficient3=0.5935931488317239;
coefficient4=1.6514183354096674;
coefficient5=1.4844118717610642;
coefficient6=4.29678401277336;
coefficient7=0.32176458354645376;
coefficient8=0.6965636189385043;
coefficient9=0.014819071250555704;
coefficient10=0.014311483421432736;
