coefficient1=0.8368820961542106;
coefficient2=0.8999576028920235;
coefficient3=0.9657458380395533;
coefficient4=0.24409196588378945;
coefficient5=1.6916278659132764;
coefficient6=2.574106701690263;
coefficient7=1.8670061785958874;
coefficient8=0.013718277761738173;
coefficient9=0.9009368695908416;
coefficient10=0.5916257383242839;
