coefficient1=0.8473447399646905;
coefficient2=0.18023434271412409;
coefficient3=0.24503104143077215;
coefficient4=1.967362639660708;
coefficient5=1.8336536723628662;
coefficient6=0.29900930770161427;
coefficient7=3.4852821881337643;
coefficient8=0.8405429256339835;
coefficient9=0.4827510592489247;
coefficient10=0.14599206901327455;
