coefficient1=0.4928800935593509;
coefficient2=0.47863890799413544;
coefficient3=0.38820818763472;
coefficient4=0.08962473397211967;
coefficient5=0.09729570911867591;
coefficient6=4.204593909779333;
coefficient7=3.6387493523875687;
coefficient8=0.37065992773996803;
coefficient9=0.9979884290879775;
coefficient10=0.7839443996365939;
