coefficient1=0.8445266393787627;
coefficient2=0.5551453261053156;
coefficient3=0.9246461262027161;
coefficient4=1.5669424903341158;
coefficient5=0.34618082674236605;
coefficient6=6.395854663917803;
coefficient7=6.667128452320858;
coefficient8=0.6069516282076795;
coefficient9=0.44765869521304946;
coefficient10=0.7557713747117761;
