coefficient1=0.41984081375068405;
coefficient2=0.5177291259230318;
coefficient3=0.01695765875823252;
coefficient4=0.559731188928476;
coefficient5=0.9996825294279037;
coefficient6=5.531220086627369;
coefficient7=3.5760321740238767;
coefficient8=0.4691382375030426;
coefficient9=0.29278542378371764;
coefficient10=0.31735191882405656;
