coefficient1=0.5965389794533379;
coefficient2=0.8202543479219857;
coefficient3=0.7955872084391917;
coefficient4=0.8714663585565754;
coefficient5=1.329120277509872;
coefficient6=4.266520338475852;
coefficient7=5.8288805011265055;
coefficient8=0.7384490026470931;
coefficient9=0.5418240239054433;
coefficient10=0.13029447634893876;
