coefficient1=0.12301835388211257;
coefficient2=0.6881795537688753;
coefficient3=0.5231047581790618;
coefficient4=1.1786065823092013;
coefficient5=0.8603028814391325;
coefficient6=6.322054616052381;
coefficient7=4.567039244953567;
coefficient8=0.7362407222320938;
coefficient9=0.6208180530880131;
coefficient10=0.015116067012739265;
