coefficient1=0.2939456613985171;
coefficient2=0.4470606797446327;
coefficient3=0.30366230479434597;
coefficient4=0.06819958019447858;
coefficient5=0.22035528942764238;
coefficient6=6.986387725161606;
coefficient7=0.8488135843701192;
coefficient8=0.508071546783546;
coefficient9=0.12464858691515202;
coefficient10=0.24201740182547393;
