coefficient1=0.32078156124022317;
coefficient2=0.7372613674434587;
coefficient3=0.7470209426291543;
coefficient4=0.38609761439276324;
coefficient5=1.5118701873253941;
coefficient6=5.006597807059725;
coefficient7=4.11350183020613;
coefficient8=0.6912339967884795;
coefficient9=0.6766317676783252;
coefficient10=0.46716102632179246;
