coefficient1=0.38794717765780584;
coefficient2=0.9658068404842775;
coefficient3=0.3465428089668269;
coefficient4=0.4213345720668771;
coefficient5=0.04996261212945563;
coefficient6=2.0743466742737233;
coefficient7=2.2346318107168637;
coefficient8=0.922244497515825;
coefficient9=0.5950598265120309;
coefficient10=0.5679238231035781;
