coefficient1=0.6149139799981695;
coefficient2=0.16118657901676525;
coefficient3=0.8383629083539488;
coefficient4=0.6943846526869308;
coefficient5=1.2464403103475197;
coefficient6=1.259435922147798;
coefficient7=5.74027922629406;
coefficient8=0.5763376418740952;
coefficient9=0.7651390263794334;
coefficient10=0.7703182173792035;
