coefficient1=0.42921929216545274;
coefficient2=0.8718375485715087;
coefficient3=0.652746601603959;
coefficient4=1.2706588664880492;
coefficient5=0.44205420046590294;
coefficient6=0.48914620708860035;
coefficient7=0.9087913287168439;
coefficient8=0.6352447331944217;
coefficient9=0.14788490293252055;
coefficient10=0.5802029681081113;
