coefficient1=0.11410635742720532;
coefficient2=0.23597806114176778;
coefficient3=0.6361550849182892;
coefficient4=1.189473227415579;
coefficient5=0.7548099587017099;
coefficient6=4.922876287306705;
coefficient7=6.794047662453098;
coefficient8=0.17635406283788813;
coefficient9=0.8228425576628592;
coefficient10=0.9699727527383543;
