coefficient1=0.7492291089817555;
coefficient2=0.06820036474378832;
coefficient3=0.35745674928349214;
coefficient4=1.5266219311350058;
coefficient5=1.166056978048428;
coefficient6=7.821837823989406;
coefficient7=6.970964298508413;
coefficient8=0.07097033410743103;
coefficient9=0.5292238569926202;
coefficient10=0.6510959133623656;
