coefficient1=0.4233288646052782;
coefficient2=0.3440710493161614;
coefficient3=0.9650642774549867;
coefficient4=0.03267205330812506;
coefficient5=0.6115038462404325;
coefficient6=4.608059337898747;
coefficient7=3.7769746746309227;
coefficient8=0.8660340350262455;
coefficient9=0.26783759459454926;
coefficient10=0.6390889242774138;
