coefficient1=0.9094459986894539;
coefficient2=0.5517924833847986;
coefficient3=0.6799902124880881;
coefficient4=1.1506134528359315;
coefficient5=1.3011985921563147;
coefficient6=6.529595542206771;
coefficient7=0.34074273941942135;
coefficient8=0.8918013395525562;
coefficient9=0.9063014383974525;
coefficient10=0.11485860831855144;
