coefficient1=0.6684777736833161;
coefficient2=0.2700318756483402;
coefficient3=0.1889375773077142;
coefficient4=1.6517468855141626;
coefficient5=1.5980807866460471;
coefficient6=1.2031684216806164;
coefficient7=3.702112219564323;
coefficient8=0.33757998614245965;
coefficient9=0.8951922073004835;
coefficient10=0.39104506000326256;
