coefficient1=0.02157179693094935;
coefficient2=0.904333180321354;
coefficient3=0.9744995365080087;
coefficient4=1.649577263759241;
coefficient5=0.6145679563439708;
coefficient6=1.4636370599787165;
coefficient7=7.8931963217034316;
coefficient8=0.27473221923682434;
coefficient9=0.5738828872919195;
coefficient10=0.5959183221310428;
