coefficient1=0.2771422185446236;
coefficient2=0.4536237733781249;
coefficient3=0.8780454584204529;
coefficient4=1.337093122794595;
coefficient5=1.412805210716225;
coefficient6=2.306407357415668;
coefficient7=1.9799938108692379;
coefficient8=0.6530552967092605;
coefficient9=0.06895758672830665;
coefficient10=0.28937280365210327;
