coefficient1=0.796196719427592;
coefficient2=0.4771163487678427;
coefficient3=0.4439266617507085;
coefficient4=1.7959031845152644;
coefficient5=1.6328812268987307;
coefficient6=6.167740222455957;
coefficient7=5.098548828522709;
coefficient8=0.2251546008942702;
coefficient9=0.8554436969431615;
coefficient10=0.8094611238679992;
