coefficient1=0.30273411288255225;
coefficient2=0.8725229446970798;
coefficient3=0.8015241063275798;
coefficient4=0.3602503766929481;
coefficient5=1.7888319624388773;
coefficient6=5.9074357957279435;
coefficient7=4.820743329725707;
coefficient8=0.7037686593246961;
coefficient9=0.9682379054469691;
coefficient10=0.7279787564408072;
