coefficient1=0.8063236998082519;
coefficient2=0.7498901150768206;
coefficient3=0.5867900046469219;
coefficient4=1.1942028203224144;
coefficient5=0.651286207818099;
coefficient6=3.596179234178253;
coefficient7=3.024922710460663;
coefficient8=0.348064421981088;
coefficient9=0.3240484243651569;
coefficient10=0.786308965137253;
