coefficient1=0.09443946147541316;
coefficient2=0.3276157496471753;
coefficient3=0.2288868832209774;
coefficient4=0.20055686080956447;
coefficient5=1.9617988902298196;
coefficient6=5.382715879290789;
coefficient7=6.683856433775014;
coefficient8=0.7606366320564055;
coefficient9=0.10875288515681114;
coefficient10=0.6681308835840368;
