coefficient1=0.9484494056873077;
coefficient2=0.05371496811326082;
coefficient3=0.9052459510929904;
coefficient4=0.10339728535053738;
coefficient5=1.1642993474886743;
coefficient6=1.727536454069674;
coefficient7=4.992905230095212;
coefficient8=0.9339914455865514;
coefficient9=0.04332182991699507;
coefficient10=0.3834536162846732;
