coefficient1=0.7184983641354077;
coefficient2=0.9677260742637919;
coefficient3=0.26979617317112314;
coefficient4=1.1079910250343186;
coefficient5=0.22472874654377795;
coefficient6=6.787580588732243;
coefficient7=1.4581022185375616;
coefficient8=0.47759292843313284;
coefficient9=0.2840626952102747;
coefficient10=0.17175126658662265;
