coefficient1=0.17989093715181037;
coefficient2=0.0791472311603102;
coefficient3=0.5220978674265702;
coefficient4=1.90021291001775;
coefficient5=1.6949466545214815;
coefficient6=6.6984502253192195;
coefficient7=6.529387143911798;
coefficient8=0.1418321686977917;
coefficient9=0.5707629425249621;
coefficient10=0.946915150842044;
