coefficient1=0.6772666892109719;
coefficient2=0.9420415880305019;
coefficient3=0.3411632446630106;
coefficient4=1.611509875809671;
coefficient5=0.5520798637023812;
coefficient6=6.813777714864614;
coefficient7=5.713004624813664;
coefficient8=0.5293542166759411;
coefficient9=0.2680354074942838;
coefficient10=0.8177938229233059;
