coefficient1=0.9168965867596027;
coefficient2=0.04864348540096264;
coefficient3=0.9849444105116588;
coefficient4=0.2689410459764263;
coefficient5=1.4551304514232852;
coefficient6=0.37716055641548696;
coefficient7=0.3486126116342252;
coefficient8=0.0923498903243326;
coefficient9=0.13919645123872781;
coefficient10=0.30025011829634807;
