coefficient1=0.16193856365277892;
coefficient2=0.146122464704996;
coefficient3=0.45887824569699465;
coefficient4=0.57518575863604;
coefficient5=1.2419253403059147;
coefficient6=6.66368806350586;
coefficient7=0.17539927984556591;
coefficient8=0.06546537102524408;
coefficient9=0.7352878492405719;
coefficient10=0.6944981119713258;
